Cu    7.907550    7.907550    7.907550
Cu    3.445050    5.479950    1.017450
Cu    1.017450    3.445050    5.479950
Cu    5.479950    1.017450    3.445050
Cu    7.781708    1.191487    1.080818
Cu    1.080818    7.781708    1.191487
Cu    1.191487    1.080818    7.781708
Cu    3.319207    3.271013    7.844182
Cu    7.844182    3.319207    3.271013
Cu    3.271013    7.844182    3.319207
Cu    5.605793    7.733513    5.543318
Cu    5.543318    5.605793    7.733513
Cu    7.733513    5.543318    5.605793
Cu    1.143292    5.653987    3.381682
Cu    3.381682    1.143292    5.653987
Cu    5.653987    3.381682    1.143292
