3.995000000000000107e+00 6.097456037847430252e+02
3.995090180360721721e+00 5.900998207841595331e+02
3.995180360721442892e+00 5.669762669309906187e+02
3.995270541082164506e+00 5.404620621273795678e+02
3.995360721442885676e+00 5.106654748976564520e+02
3.995450901803607291e+00 4.777135346242019409e+02
3.995541082164328905e+00 4.417475110536616967e+02
3.995631262525050076e+00 4.029163284945041710e+02
3.995721442885771690e+00 3.613694734243225639e+02
3.995811623246493305e+00 3.172533370982490624e+02
3.995901803607214475e+00 2.707206228955307097e+02
3.995991983967936090e+00 2.220131211349875571e+02
3.996082164328657260e+00 1.764742193237431422e+02
3.996172344689378875e+00 2.100095506973804618e+02
3.996262525050100489e+00 2.525165154634359226e+02
3.996352705410821660e+00 2.973306381134307230e+02
3.996442885771543274e+00 3.443021046013874980e+02
3.996533066132264445e+00 3.933998338369306680e+02
3.996623246492986059e+00 4.446263555223565618e+02
3.996713426853707674e+00 4.980022626805614436e+02
3.996803607214428844e+00 5.535533042446817262e+02
3.996893787575150458e+00 6.112902080695382665e+02
3.996983967935871629e+00 6.711797179165381522e+02
3.997074148296593243e+00 7.331126928504958187e+02
3.997164328657314858e+00 7.968820388429691093e+02
3.997254509018036028e+00 8.621828068349385603e+02
3.997344689378757643e+00 9.286359514102509820e+02
3.997434869739479257e+00 9.958245002150734990e+02
3.997525050100200428e+00 1.063327411124267883e+03
3.997615230460922042e+00 1.130742540828765414e+03
3.997705410821643213e+00 1.197697988457025531e+03
3.997795591182364827e+00 1.263855192347600678e+03
3.997885771543086442e+00 1.328907609174257004e+03
3.997975951903807612e+00 1.392577686004076440e+03
3.998066132264529227e+00 1.454613613512455458e+03
3.998156312625250397e+00 1.514786512901242986e+03
3.998246492985972012e+00 1.572888253023195375e+03
3.998336673346693626e+00 1.628729885007623352e+03
3.998426853707414796e+00 1.682140604766362458e+03
3.998517034068136411e+00 1.732967138337197866e+03
3.998607214428858025e+00 1.781073453789383166e+03
3.998697394789579196e+00 1.826340718507760130e+03
3.998787575150300810e+00 1.868667434204415258e+03
3.998877755511021981e+00 1.907969690570670537e+03
3.998967935871743595e+00 1.944181480406467927e+03
3.999058116232465210e+00 1.977255012924556240e+03
3.999148296593186380e+00 2.007160946058292666e+03
3.999238476953907995e+00 2.033888430619103929e+03
3.999328657314629165e+00 2.057444816473230276e+03
3.999418837675350780e+00 2.077854811919376516e+03
3.999509018036072394e+00 2.095158815706980931e+03
3.999599198396793565e+00 2.109410074767356946e+03
3.999689378757515179e+00 2.120670308611217934e+03
3.999779559118236349e+00 2.129003578113814001e+03
3.999869739478957964e+00 2.134468583200238754e+03
3.999959919839679579e+00 2.137110291627526749e+03
4.000050100200400749e+00 2.136952604308062746e+03
4.000140280561121919e+00 2.133994100762409289e+03
4.000230460921843978e+00 2.128208268572854649e+03
4.000320641282565148e+00 2.119548145460627438e+03
4.000410821643286319e+00 2.107953869595852666e+03
4.000501002004008377e+00 2.093361082452666324e+03
4.000591182364729548e+00 2.075708533075326613e+03
4.000681362725450718e+00 2.054944051696467795e+03
4.000771543086172777e+00 2.031028760571700332e+03
4.000861723446893947e+00 2.003939771893418765e+03
4.000951903807615118e+00 1.973671741316342832e+03
4.001042084168337176e+00 1.940237623861348311e+03
4.001132264529058347e+00 1.903668908640080190e+03
4.001222444889779517e+00 1.864015536196153789e+03
4.001312625250500687e+00 1.821345643726232765e+03
4.001402805611222746e+00 1.775745241725222513e+03
4.001492985971943916e+00 1.727317898770199008e+03
4.001583166332665087e+00 1.676184496371402020e+03
4.001673346693387145e+00 1.622483110762200340e+03
4.001763527054108316e+00 1.566369081396589081e+03
4.001853707414829486e+00 1.508015335383257025e+03
4.001943887775551545e+00 1.447613051354248455e+03
4.002034068136272715e+00 1.385372761535471909e+03
4.002124248496993886e+00 1.321525998403374388e+03
4.002214428857715944e+00 1.256327572656328584e+03
4.002304609218437115e+00 1.190058481457611833e+03
4.002394789579158285e+00 1.123029213567829856e+03
4.002484969939879456e+00 1.055582719946142106e+03
4.002575150300601514e+00 9.880954225786368852e+02
4.002665330661322685e+00 9.209733657557213746e+02
4.002755511022043855e+00 8.546395620664933404e+02
4.002845691382765914e+00 7.895093666251490276e+02
4.002935871743487084e+00 7.259554124320050050e+02
4.003026052104208254e+00 6.642718025177453001e+02
4.003116232464930313e+00 6.046526859146800916e+02
4.003206412825651483e+00 5.471953680633002932e+02
4.003296593186372654e+00 4.919246772016439877e+02
4.003386773547094712e+00 4.388253973866454203e+02
4.003476953907815883e+00 3.878704795272000183e+02
4.003567134268537053e+00 3.390401591296728157e+02
4.003657314629258224e+00 2.923343629105671084e+02
4.003747494989980282e+00 2.477902283500450551e+02
4.003837675350701453e+00 2.055962137754545154e+02
4.003927855711422623e+00 1.794749030690425684e+02
4.004018036072144682e+00 2.276740843297433230e+02
4.004108216432865852e+00 2.761421105408832091e+02
4.004198396793587023e+00 3.223933662828113142e+02
4.004288577154309081e+00 3.662090269871667374e+02
4.004378757515030252e+00 4.074391825098725803e+02
4.004468937875751422e+00 4.459378426092312111e+02
4.004559118236473481e+00 4.815557347114539652e+02
4.004649298597194651e+00 5.141446018877825281e+02
4.004739478957915821e+00 5.435644385130719911e+02
4.004829659318636992e+00 5.696899784955256791e+02
4.004919839679359050e+00 5.924150403670532796e+02
4.005010020040080221e+00 6.116547571078101555e+02
4.005100200400801391e+00 6.273463082285211385e+02
4.005190380761523450e+00 6.394488135759875149e+02
4.005280561122244620e+00 6.479428789371503399e+02
4.005370741482965791e+00 6.528301023448425440e+02
4.005460921843687849e+00 6.541327283130910928e+02
4.005551102204409020e+00 6.518935836164562261e+02
4.005641282565130190e+00 6.461764361099816369e+02
4.005731462925851361e+00 6.370669896371375671e+02
4.005821643286573419e+00 6.246748884220162381e+02
4.005911823647294590e+00 6.091374217615949647e+02
4.006002004008015760e+00 5.906262506688731264e+02
4.006092184368737819e+00 5.693597719342252503e+02
4.006182364729458989e+00 5.456264698196791869e+02
4.006272545090180159e+00 5.198304215010427924e+02
4.006362725450902218e+00 4.925815936781236815e+02
4.006452905811623388e+00 4.648679430191291999e+02
4.006543086172344559e+00 4.383089164259755535e+02
4.006633266533066617e+00 4.151607223624052381e+02
4.006723446893787788e+00 3.971984620769939625e+02
4.006813627254508958e+00 3.841628961517091625e+02
4.006903807615230129e+00 3.743973667736862581e+02
4.006993987975952187e+00 3.664021750886030304e+02
4.007084168336673358e+00 3.592653248979675027e+02
4.007174348697394528e+00 3.524937459042051842e+02
4.007264529058116587e+00 3.458283196171936424e+02
4.007354709418837757e+00 3.391388438805770988e+02
4.007444889779558928e+00 3.323758070547830243e+02
4.007535070140280986e+00 3.255632985477280954e+02
4.007625250501002157e+00 3.188602311792993760e+02
4.007715430861723327e+00 3.129438005499935116e+02
4.007805611222445386e+00 3.125581475270044507e+02
4.007895791583166556e+00 3.347773850115911500e+02
4.007985971943887726e+00 3.673179589308275013e+02
4.008076152304608897e+00 4.000609027665815347e+02
4.008166332665330955e+00 4.316014256744134059e+02
4.008256513026052126e+00 4.615697621427249828e+02
4.008346693386773296e+00 4.897924363184878871e+02
4.008436873747495355e+00 5.161423607945907861e+02
4.008527054108216525e+00 5.404835788838133794e+02
4.008617234468937696e+00 5.626451072481542042e+02
4.008707414829659754e+00 5.824182110813890176e+02
4.008797595190380925e+00 5.995718256785772837e+02
4.008887775551102095e+00 6.138739738160960542e+02
4.008977955911824154e+00 6.251086963059577783e+02
4.009068136272545324e+00 6.330851487494392131e+02
4.009158316633266494e+00 6.376405497748542075e+02
4.009248496993987665e+00 6.386398220459097956e+02
4.009338677354709723e+00 6.359740108432046100e+02
4.009428857715430894e+00 6.295585893998743359e+02
4.009519038076152064e+00 6.193321305618803763e+02
4.009609218436874123e+00 6.052555395814156327e+02
4.009699398797595293e+00 5.873119931393958950e+02
4.009789579158316464e+00 5.655078654217535359e+02
4.009879759519038522e+00 5.398753193082405915e+02
4.009969939879759693e+00 5.104782429353479074e+02
4.010060120240480863e+00 4.774259731761899275e+02
4.010150300601202922e+00 4.409080175080728168e+02
4.010240480961924092e+00 4.012965728214135765e+02
4.010330661322645263e+00 3.595296175225834077e+02
4.010420841683366433e+00 3.191243145500214951e+02
4.010511022044088492e+00 2.971585323323718058e+02
4.010601202404809662e+00 3.114517156122672077e+02
4.010691382765530832e+00 3.398776853629783545e+02
4.010781563126252891e+00 3.724323362120193224e+02
4.010871743486974061e+00 4.070955181830612446e+02
4.010961923847695232e+00 4.432861822898224773e+02
4.011052104208417290e+00 4.807787269225655109e+02
4.011142284569138461e+00 5.194728376089576614e+02
4.011232464929859631e+00 5.593353568470167829e+02
4.011322645290580802e+00 6.003996488691855120e+02
4.011412825651302860e+00 6.428134088812487335e+02
4.011503006012024031e+00 6.869857670455913876e+02
4.011593186372745201e+00 7.339883992179061352e+02
4.011683366733467260e+00 7.862359864435271675e+02
4.011773547094188430e+00 8.461639536978516389e+02
4.011863727454909601e+00 9.121304141409101476e+02
4.011953907815631659e+00 9.808364149117638817e+02
4.012044088176352830e+00 1.050427835059346080e+03
4.012134268537074000e+00 1.120060648277725249e+03
4.012224448897796059e+00 1.189317300788151897e+03
4.012314629258517229e+00 1.257980484369950773e+03
4.012404809619238399e+00 1.325950366024264440e+03
4.012494989979959570e+00 1.393193997320767949e+03
4.012585170340681628e+00 1.459676511087968265e+03
4.012675350701402799e+00 1.525272612436245481e+03
4.012765531062123969e+00 1.589714260017938159e+03
4.012855711422846028e+00 1.652621555007553752e+03
4.012945891783567198e+00 1.713580850765333935e+03
4.013036072144288369e+00 1.772205082826980515e+03
4.013126252505010427e+00 1.828156699168423302e+03
4.013216432865731598e+00 1.881147518384760815e+03
4.013306613226452768e+00 1.930931030671029703e+03
4.013396793587174827e+00 1.977294508072200188e+03
4.013486973947895997e+00 2.020052992613419519e+03
4.013577154308617168e+00 2.059045198906741007e+03
4.013667334669338338e+00 2.094130869458143025e+03
4.013757515030060397e+00 2.125189127918098166e+03
4.013847695390781567e+00 2.152117493080059830e+03
4.013937875751502737e+00 2.174831328055799077e+03
4.014028056112224796e+00 2.193263582466535809e+03
4.014118236472945966e+00 2.207364744549112856e+03
4.014208416833667137e+00 2.217102963198321504e+03
4.014298597194389195e+00 2.222464335129589927e+03
4.014388777555110366e+00 2.223453386545846115e+03
4.014478957915831536e+00 2.220093819076468662e+03
4.014569138276553595e+00 2.212429645099477966e+03
4.014659318637274765e+00 2.200526920212078039e+03
4.014749498997995936e+00 2.184476408386449748e+03
4.014839679358717106e+00 2.164397711359099958e+03
4.014929859719439165e+00 2.140445675154066976e+03
4.015020040080160335e+00 2.112820210597268670e+03
4.015110220440881506e+00 2.081780735239039586e+03
4.015200400801603564e+00 2.047665142557552144e+03
4.015290581162324735e+00 2.010907406351131613e+03
4.015380761523045905e+00 1.972032379934254777e+03
4.015470941883767964e+00 1.931584733174607663e+03
4.015561122244489134e+00 1.889966619822453822e+03
4.015651302605210304e+00 1.847273711081857527e+03
4.015741482965932363e+00 1.803298773042181438e+03
4.015831663326653533e+00 1.757704800209865880e+03
4.015921843687374704e+00 1.710195902331937305e+03
4.016012024048095874e+00 1.660591851703882185e+03
4.016102204408817933e+00 1.608834559639644112e+03
4.016192384769539103e+00 1.554975121085746650e+03
4.016282565130260274e+00 1.499167841780184744e+03
4.016372745490982332e+00 1.441682505010119939e+03
4.016462925851703503e+00 1.382938761049297682e+03
4.016553106212424673e+00 1.323544026005611840e+03
4.016643286573146732e+00 1.264240107494840458e+03
4.016733466933867902e+00 1.205612339717463783e+03
4.016823647294589072e+00 1.147745178504773776e+03
4.016913827655311131e+00 1.090315789420941428e+03
4.017004008016032301e+00 1.032961983249393597e+03
4.017094188376753472e+00 9.754655390180188306e+02
4.017184368737474642e+00 9.177501738585756357e+02
4.017274549098196701e+00 8.598348708582542486e+02
4.017364729458917871e+00 8.017967081882408138e+02
4.017454909819639042e+00 7.437481685002959466e+02
4.017545090180361100e+00 6.858242386790217324e+02
4.017635270541082271e+00 6.281753498241713487e+02
4.017725450901803441e+00 5.709640261017822240e+02
4.017815631262525500e+00 5.143646441652035719e+02
4.017905811623246670e+00 4.585675752196791564e+02
4.017995991983967841e+00 4.037936043803680946e+02
4.018086172344689011e+00 3.503430467935132810e+02
4.018176352705411070e+00 2.988148815259869480e+02
4.018266533066132240e+00 2.518870913980247224e+02
4.018356713426853410e+00 2.403969858626265932e+02
4.018446893787575469e+00 2.796297155210792766e+02
4.018537074148296639e+00 3.226653054633736133e+02
4.018627254509017810e+00 3.640768973726631543e+02
4.018717434869739868e+00 4.031638691204358338e+02
4.018807615230461039e+00 4.397244192416863484e+02
4.018897795591182209e+00 4.736659208386948308e+02
4.018987975951904268e+00 5.049239919796401637e+02
4.019078156312625438e+00 5.334369133898590007e+02
4.019168336673346609e+00 5.591365247334373407e+02
4.019258517034067779e+00 5.819467173047170263e+02
4.019348697394789838e+00 6.017863741544210825e+02
4.019438877755511008e+00 6.185747499604908626e+02
4.019529058116232179e+00 6.322376509007521008e+02
4.019619238476954237e+00 6.427132235311033810e+02
4.019709418837675408e+00 6.499567252371667792e+02
4.019799599198396578e+00 6.539441703611424828e+02
4.019889779559118637e+00 6.546751308021599698e+02
4.019979959919839807e+00 6.521752437606536432e+02
4.020070140280560977e+00 6.464992720311613539e+02
4.020160320641283036e+00 6.377361254181253116e+02
4.020250501002004206e+00 6.260186284442536362e+02
4.020340681362725377e+00 6.115444208682253020e+02
4.020430861723446547e+00 5.946242045372787288e+02
4.020521042084168606e+00 5.757999939824742341e+02
4.020611222444889776e+00 5.561247836561155964e+02
4.020701402805610947e+00 5.375377994341808972e+02
4.020791583166333005e+00 5.219961052053906769e+02
4.020881763527054176e+00 5.090979353020483131e+02
4.020971943887775346e+00 4.971299387101173579e+02
4.021062124248497405e+00 4.850431604289515235e+02
4.021152304609218575e+00 4.724496563897974966e+02
4.021242484969939746e+00 4.592750033391882312e+02
4.021332665330661804e+00 4.455820166171181427e+02
4.021422845691382975e+00 4.314937608951926791e+02
4.021513026052104145e+00 4.171557702983627109e+02
4.021603206412825315e+00 4.027142632030317486e+02
4.021693386773547374e+00 3.883030024459581000e+02
4.021783567134268544e+00 3.740378556440529110e+02
4.021873747494989715e+00 3.600217349541115937e+02
4.021963927855711773e+00 3.463692898736295547e+02
4.022054108216432944e+00 3.332893928498435798e+02
4.022144288577154114e+00 3.214365394772385116e+02
4.022234468937876173e+00 3.142995736650676690e+02
4.022324649298597343e+00 3.280749787128056596e+02
4.022414829659318514e+00 3.601042178095601685e+02
4.022505010020040572e+00 3.946391555183681703e+02
4.022595190380761743e+00 4.284660908098480832e+02
4.022685370741482913e+00 4.607516689188828423e+02
4.022775551102204084e+00 4.910792991511825676e+02
4.022865731462926142e+00 5.191534907129221210e+02
4.022955911823647313e+00 5.447306550203586539e+02
4.023046092184368483e+00 5.675975772807580597e+02
4.023136272545090542e+00 5.875634390364591582e+02
4.023226452905811712e+00 6.044565654129370387e+02
4.023316633266532882e+00 6.181230903929977103e+02
4.023406813627254941e+00 6.284265074471269372e+02
4.023496993987976111e+00 6.352476870551045067e+02
4.023587174348697282e+00 6.384851879365787681e+02
4.023677354709419340e+00 6.380558053738761828e+02
4.023767535070140511e+00 6.338953735882623732e+02
4.023857715430861681e+00 6.259599091398686141e+02
4.023947895791582852e+00 6.142272791281154696e+02
4.024038076152304910e+00 5.986997451813067528e+02
4.024128256513026081e+00 5.794080621239887705e+02
4.024218436873747251e+00 5.564185214286620749e+02
4.024308617234469310e+00 5.298460526872329410e+02
4.024398797595190480e+00 4.998813014720052479e+02
4.024488977955911650e+00 4.668557763768613995e+02
4.024579158316633709e+00 4.314394277784720089e+02
4.024669338677354880e+00 3.954858793719673713e+02
4.024759519038076050e+00 3.664397635035005578e+02
4.024849699398797220e+00 3.564396062540388925e+02
4.024939879759519279e+00 3.581175612602308433e+02
4.025030060120240449e+00 3.667211891174272864e+02
4.025120240480961620e+00 3.821932725224611431e+02
4.025210420841683678e+00 4.039452955916998462e+02
4.025300601202404849e+00 4.305645645869929012e+02
4.025390781563126019e+00 4.607054607095915912e+02
4.025480961923848078e+00 4.934377519694557463e+02
4.025571142284569248e+00 5.281791748086369580e+02
4.025661322645290419e+00 5.645669185376827954e+02
4.025751503006012477e+00 6.023702604195459571e+02
4.025841683366733648e+00 6.414467614108025373e+02
4.025931863727454818e+00 6.817379656433511173e+02
4.026022044088175988e+00 7.233348682685343647e+02
4.026112224448898047e+00 7.668129960658245636e+02
4.026202404809619217e+00 8.151551872632074947e+02
4.026292585170340388e+00 8.777931466233726496e+02
4.026382765531062446e+00 9.520981254136597727e+02
4.026472945891783617e+00 1.029084136441496867e+03
4.026563126252504787e+00 1.106280849519974709e+03
4.026653306613226846e+00 1.182902403753063027e+03
4.026743486973948016e+00 1.258515526179340895e+03
4.026833667334669187e+00 1.332792210904036210e+03
4.026923847695391245e+00 1.405447019302566332e+03
4.027014028056112416e+00 1.476216970121301529e+03
4.027104208416833586e+00 1.544854122479474881e+03
4.027194388777554757e+00 1.611122697518288305e+03
4.027284569138276815e+00 1.674798049606612039e+03
4.027374749498997986e+00 1.735666464050462764e+03
4.027464929859719156e+00 1.793525345937464863e+03
4.027555110220441215e+00 1.848183597009816367e+03
4.027645290581162385e+00 1.899462078182739788e+03
4.027735470941883555e+00 1.947194102418802686e+03
4.027825651302605614e+00 1.991225926231987614e+03
4.027915831663326784e+00 2.031417220566028391e+03
4.028006012024047955e+00 2.067641508798147242e+03
4.028096192384770013e+00 2.099786563725129326e+03
4.028186372745491184e+00 2.127754757998926834e+03
4.028276553106212354e+00 2.151463364190479751e+03
4.028366733466933525e+00 2.170844801914711752e+03
4.028456913827655583e+00 2.185846830432654770e+03
4.028547094188376754e+00 2.196432686019602897e+03
4.028637274549097924e+00 2.202581164258871013e+03
4.028727454909819983e+00 2.204286648395229349e+03
4.028817635270541153e+00 2.201559086127338560e+03
4.028907815631262324e+00 2.194423918946919912e+03
4.028997995991984382e+00 2.182921970750944638e+03
4.029088176352705553e+00 2.167109306698401724e+03
4.029178356713426723e+00 2.147057080560230133e+03
4.029268537074148782e+00 2.122851402010105630e+03
4.029358717434869952e+00 2.094593280551039697e+03
4.029448897795591122e+00 2.062398753964846946e+03
4.029539078156312293e+00 2.026399420026695225e+03
4.029629258517034351e+00 1.986743849283929194e+03
4.029719438877755522e+00 1.943601020673560470e+03
4.029809619238476692e+00 1.897168829465450472e+03
4.029899799599198751e+00 1.847697055473364571e+03
4.029989979959919921e+00 1.795559599365857821e+03
4.030080160320641092e+00 1.741539402748449447e+03
4.030170340681363150e+00 1.688203270924941990e+03
4.030260521042084321e+00 1.642193590661554481e+03
4.030350701402805491e+00 1.602564741603288439e+03
4.030440881763526662e+00 1.563191563822011631e+03
4.030531062124248720e+00 1.522226878739061249e+03
4.030621242484969891e+00 1.479270746463741943e+03
4.030711422845691061e+00 1.434260828534064558e+03
4.030801603206413120e+00 1.387240383327867676e+03
4.030891783567134290e+00 1.338296553289969779e+03
4.030981963927855460e+00 1.287539541367187667e+03
4.031072144288577519e+00 1.235094157383384072e+03
4.031162324649298689e+00 1.181095822579804235e+03
4.031252505010019860e+00 1.125688415033329193e+03
4.031342685370741918e+00 1.069022973250206860e+03
4.031432865731463089e+00 1.011256861393877216e+03
4.031523046092184259e+00 9.525532432963962037e+02
4.031613226452905430e+00 8.930808383611044974e+02
4.031703406813627488e+00 8.330140282890325807e+02
4.031793587174348659e+00 7.725335021575933752e+02
4.031883767535069829e+00 7.118278329770948858e+02
4.031973947895791888e+00 6.510968017470511313e+02
4.032064128256513058e+00 5.905582502357638077e+02
4.032154308617234229e+00 5.304626663705614646e+02
4.032244488977956287e+00 4.711264704311000742e+02
4.032334669338677458e+00 4.130163939306262364e+02
4.032424849699398628e+00 3.569954948667590884e+02
4.032515030060120687e+00 3.051536552024130060e+02
4.032605210420841857e+00 2.633478313116006575e+02
4.032695390781563027e+00 2.405241513942270331e+02
4.032785571142284198e+00 2.362250333002424725e+02
4.032875751503006256e+00 2.543871812754256325e+02
4.032965931863727427e+00 2.850171965551652988e+02
4.033056112224448597e+00 3.163390943319283224e+02
4.033146292585170656e+00 3.458059629087930489e+02
4.033236472945891826e+00 3.727304795904334469e+02
4.033326653306612997e+00 3.968487672305006413e+02
4.033416833667335055e+00 4.180448689709140240e+02
4.033507014028056226e+00 4.362729854933458000e+02
4.033597194388777396e+00 4.515301598515832211e+02
4.033687374749499455e+00 4.638470269166741673e+02
4.033777555110220625e+00 4.732892541070862080e+02
4.033867735470941795e+00 4.799737350634118798e+02
4.033957915831662966e+00 4.841251535923305482e+02
4.034048096192385024e+00 4.862908376325781319e+02
4.034138276553106195e+00 4.882881662923934982e+02
4.034228456913827365e+00 4.949407048986280415e+02
4.034318637274549424e+00 5.064952938264267459e+02
4.034408817635270594e+00 5.180566047518010464e+02
4.034498997995991765e+00 5.277447526354291085e+02
4.034589178356713823e+00 5.350693489142278167e+02
4.034679358717434994e+00 5.398877277880906149e+02
4.034769539078156164e+00 5.421678075324141446e+02
4.034859719438878223e+00 5.419244969194764963e+02
4.034949899799599393e+00 5.391984200416424073e+02
4.035040080160320564e+00 5.340474312643247004e+02
4.035130260521041734e+00 5.265427257076041769e+02
4.035220440881763793e+00 5.167668490194719197e+02
4.035310621242484963e+00 5.048126058955535882e+02
4.035400801603206133e+00 4.907824772956587367e+02
4.035490981963928192e+00 4.747884176587845104e+02
4.035581162324649362e+00 4.569520527594712576e+02
4.035671342685370533e+00 4.374054359364897664e+02
4.035761523046092591e+00 4.162927196827941430e+02
4.035851703406813762e+00 3.937734733112529852e+02
4.035941883767534932e+00 3.700291705535220785e+02
4.036032064128256991e+00 3.452761973999609495e+02
4.036122244488978161e+00 3.197932464153069532e+02
4.036212424849699332e+00 2.939827944610054828e+02
4.036302605210420502e+00 2.685172892080717020e+02
4.036392785571142561e+00 2.446792271522603812e+02
4.036482965931863731e+00 2.248621950769698685e+02
4.036573146292584902e+00 2.117425683022270846e+02
4.036663326653306960e+00 2.052008520446680109e+02
4.036753507014028131e+00 2.036083953786113909e+02
4.036843687374749301e+00 2.075202925566636623e+02
4.036933867735471360e+00 2.173638788273269995e+02
4.037024048096192530e+00 2.301335751693596308e+02
4.037114228456913700e+00 2.432963079372785558e+02
4.037204408817634871e+00 2.557824885884197670e+02
4.037294589178356929e+00 2.671417642857652481e+02
4.037384769539078100e+00 2.771554080622801735e+02
4.037474949899799270e+00 2.857059287682279773e+02
4.037565130260521329e+00 2.927300932399280100e+02
4.037655310621242499e+00 2.982014908627562590e+02
4.037745490981963670e+00 3.021273321010617678e+02
4.037835671342685728e+00 3.045591906312145056e+02
4.037925851703406899e+00 3.056352004269244844e+02
4.038016032064128069e+00 3.057348261131102731e+02
4.038106212424850128e+00 3.061219653502316191e+02
4.038196392785571298e+00 3.104016096552882118e+02
4.038286573146292469e+00 3.198324516034948033e+02
4.038376753507013639e+00 3.304376853301147321e+02
4.038466933867735698e+00 3.402171408570229119e+02
4.038557114228456868e+00 3.485900523131704176e+02
4.038647294589178038e+00 3.553534506001938098e+02
4.038737474949900097e+00 3.604222049084492596e+02
4.038827655310621267e+00 3.637597147900581263e+02
4.038917835671342438e+00 3.653552005555013693e+02
4.039008016032064496e+00 3.652148906624687470e+02
4.039098196392785667e+00 3.633581366812182409e+02
4.039188376753506837e+00 3.598155451275015935e+02
4.039278557114228896e+00 3.546280611904014677e+02
4.039368737474950066e+00 3.478465977918825729e+02
4.039458917835671237e+00 3.395320857074580658e+02
4.039549098196392407e+00 3.297559864778269230e+02
4.039639278557114466e+00 3.186014706182317582e+02
4.039729458917835636e+00 3.061657067185859660e+02
4.039819639278556807e+00 2.925641693914693633e+02
4.039909819639278865e+00 2.779388515761097551e+02
4.040000000000000036e+00 2.624744653981730380e+02
