4.009999999999999787e+00 1.020678756145742341e+02
4.010006671114076049e+00 1.970425428157500392e+02
4.010013342228152311e+00 2.839544378989518236e+02
4.010020013342227685e+00 3.588154492303974052e+02
4.010026684456303947e+00 4.182704277833736342e+02
4.010033355570380209e+00 4.596474122266494646e+02
4.010040026684456471e+00 4.810624683765982468e+02
4.010046697798531845e+00 4.815014344895168392e+02
4.010053368912608107e+00 4.608665150967170803e+02
4.010060040026684369e+00 4.199839830894685520e+02
4.010066711140760631e+00 3.605725059186227668e+02
4.010073382254836005e+00 2.851749170580964119e+02
4.010080053368912267e+00 1.970649061440026344e+02
4.010086724482988529e+00 1.002110029924800330e+02
4.010093395597064792e+00 1.127973538897166961e+01
4.010100066711140165e+00 1.050324309086366128e+02
4.010106737825216427e+00 2.027299566609925989e+02
4.010113408939292690e+00 2.921216099489681710e+02
4.010120080053368952e+00 3.691161652924118357e+02
4.010126751167444326e+00 4.302642939751938229e+02
4.010133422281520588e+00 4.728176189358271699e+02
4.010140093395596850e+00 4.948376956111866320e+02
4.010146764509673112e+00 4.952804501770463617e+02
4.010153435623749374e+00 4.740442829192447789e+02
4.010160106737824748e+00 4.319780966379524898e+02
4.010166777851901010e+00 3.708487455663350261e+02
4.010173448965977272e+00 2.932706887906658721e+02
4.010180120080053534e+00 2.026090368331815057e+02
4.010186791194128908e+00 1.029352730989656663e+02
4.010193462308205170e+00 1.122377513574402741e+01
4.010200133422281432e+00 1.081532674250191093e+02
4.010206804536357694e+00 2.086983243092336124e+02
4.010213475650433068e+00 3.006835860577738799e+02
4.010220146764509330e+00 3.799093720328934296e+02
4.010226817878585592e+00 4.428276788240936526e+02
4.010233488992661854e+00 4.866101178706846895e+02
4.010240160106737228e+00 5.092611799621363957e+02
4.010246831220813490e+00 5.097054821084091714e+02
4.010253502334889752e+00 4.878374509607648974e+02
4.010260173448966015e+00 4.445296965686207500e+02
4.010266844563041388e+00 3.815995505035784277e+02
4.010273515677117651e+00 3.017365185785538415e+02
4.010280186791193913e+00 2.084015703719299495e+02
4.010286857905270175e+00 1.057745909786551408e+02
4.010293529019346437e+00 1.117969344847107749e+01
4.010300200133421811e+00 1.114416250374793549e+02
4.010306871247498073e+00 2.149681436438380899e+02
4.010313542361574335e+00 3.096693285777915321e+02
4.010320213475650597e+00 3.912313253832487590e+02
4.010326884589725971e+00 4.560026269534362200e+02
4.010333555703802233e+00 5.010709643539797753e+02
4.010340226817878495e+00 5.243810106011936796e+02
4.010346897931954757e+00 5.248245618390582194e+02
4.010353569046030131e+00 5.022918774647952205e+02
4.010360240160106393e+00 4.576804205255034503e+02
4.010366911274182655e+00 3.928604494539146685e+02
4.010373582388258917e+00 3.106001814812832436e+02
4.010380253502334291e+00 2.144612005631630041e+02
4.010386924616410553e+00 1.087376088919915986e+02
4.010393595730486815e+00 1.114957580781098478e+01
4.010400266844563077e+00 1.149098740242255019e+02
4.010406937958638451e+00 2.215619719833651686e+02
4.010413609072714713e+00 3.191107124775520560e+02
4.010420280186790976e+00 4.031219325408721375e+02
4.010426951300867238e+00 4.698354238689548765e+02
4.010433622414943500e+00 5.162508666707366274e+02
4.010440293529018874e+00 5.402501432129125760e+02
4.010446964643095136e+00 5.406905898472746230e+02
4.010453635757171398e+00 5.174580773169619761e+02
4.010460306871247660e+00 4.714761416446724525e+02
4.010466977985323034e+00 4.046705919626941181e+02
4.010473649099399296e+00 3.198922891028399249e+02
4.010480320213475558e+00 2.208085356821652852e+02
4.010486991327551820e+00 1.118338731662261551e+02
4.010493662441627194e+00 1.113590438969442786e+01
4.010500333555703456e+00 1.185716600412775534e+02
4.010507004669779718e+00 2.285046910627296199e+02
4.010513675783855980e+00 3.290429008598200653e+02
4.010520346897931354e+00 4.156252234783858626e+02
4.010527018012007616e+00 4.843771444660508791e+02
4.010533689126083878e+00 5.322057889282257293e+02
4.010540360240160140e+00 5.569270316317198422e+02
4.010547031354235514e+00 5.573619685317777339e+02
4.010553702468311776e+00 5.333918284667761327e+02
4.010560373582388038e+00 4.859675211597914313e+02
4.010567044696464301e+00 4.170732214452623907e+02
4.010573715810540563e+00 3.296466605754129091e+02
4.010580386924615937e+00 2.274663492727737548e+02
4.010587058038692199e+00 1.150739411754332764e+02
4.010593729152768461e+00 1.114160999558456489e+01
4.010600400266844723e+00 1.224420723247621225e+02
4.010607071380920097e+00 2.358238138649052758e+02
4.010613742494996359e+00 3.395047799298247924e+02
4.010620413609072621e+00 4.287898974191281241e+02
4.010627084723148883e+00 4.996842890171461704e+02
4.010633755837224257e+00 5.489976501841686058e+02
4.010640426951300519e+00 5.744763604557057306e+02
4.010647098065376781e+00 5.749033366492335517e+02
4.010653769179453043e+00 5.501548756824544171e+02
4.010660440293528417e+00 5.012106496411320791e+02
4.010667111407604679e+00 4.301162245261558041e+02
4.010673782521680941e+00 3.399007537986245211e+02
4.010680453635757203e+00 2.344598714090184899e+02
4.010687124749832577e+00 1.184695169958306167e+02
4.010693795863908839e+00 1.117012536356297403e+01
4.010700466977985101e+00 1.265378390210810267e+02
4.010707138092061363e+00 2.435498417481449565e+02
4.010713809206137626e+00 3.505394650667701626e+02
4.010720480320212999e+00 4.426699584892221537e+02
4.010727151434289262e+00 5.158195231758379578e+02
4.010733822548365524e+00 5.666951382089667959e+02
4.010740493662441786e+00 5.929698980540719049e+02
4.010747164776517160e+00 5.933864245992853057e+02
4.010753835890593422e+00 5.678157503624445326e+02
4.010760507004669684e+00 5.172677943589690130e+02
4.010767178118745946e+00 4.438527711889719285e+02
4.010773849232821320e+00 3.506961678006217085e+02
4.010780520346897582e+00 2.418171285078079222e+02
4.010787191460973844e+00 1.220336098613785509e+02
4.010793862575050106e+00 1.122543796524065129e+01
4.010800533689125480e+00 1.308775553028381182e+02
4.010807204803201742e+00 2.517166808897052590e+02
4.010813875917278004e+00 3.621948915774660804e+02
4.010820547031354266e+00 4.573254583968699762e+02
4.010827218145429640e+00 5.328525425957888046e+02
4.010833889259505902e+00 5.853746604193228222e+02
4.010840560373582164e+00 6.124874936337480449e+02
4.010847231487658426e+00 6.128910544681394867e+02
4.010853902601734688e+00 5.864507293269979300e+02
4.010860573715810062e+00 5.342082735221122221e+02
4.010867244829886324e+00 4.583420640105118764e+02
4.010873915943962587e+00 3.620792310960790701e+02
4.010880587058038849e+00 2.495693410079568650e+02
4.010887258172114223e+00 1.257807197664266710e+02
4.010893929286190485e+00 1.131213978765397599e+01
4.010900600400266747e+00 1.354819505653035776e+02
4.010907271514343009e+00 2.603621308870972939e+02
4.010913942628418383e+00 3.745245074856756560e+02
4.010920613742494645e+00 4.728233671391220128e+02
4.010927284856570907e+00 5.508610872102735811e+02
4.010933955970647169e+00 6.051214598242421516e+02
4.010940627084722543e+00 6.331182476123411789e+02
4.010947298198798805e+00 6.335063142251113959e+02
4.010953969312875067e+00 6.061449609434697550e+02
4.010960640426951329e+00 5.521094833268996354e+02
4.010967311541026703e+00 4.736502184791519880e+02
4.010973982655102965e+00 3.741016931568680093e+02
4.010980653769179227e+00 2.577513913186949139e+02
4.010987324883255489e+00 1.297270557095232277e+02
4.010993995997331751e+00 1.143547184147958795e+01
4.011000667111407125e+00 1.403742028800174353e+02
4.011007338225483387e+00 2.695284595177527081e+02
4.011014009339559649e+00 3.875880892973453911e+02
4.011020680453635912e+00 4.892385988870430538e+02
4.011027351567711285e+00 5.699321362535945354e+02
4.011034022681787548e+00 6.260309302582702458e+02
4.011040693795863810e+00 6.549618914831345364e+02
4.011047364909940072e+00 6.553319424992851054e+02
4.011054036024015446e+00 6.269937935637619830e+02
4.011060707138091708e+00 5.710581100351095074e+02
4.011067378252167970e+00 4.898513023223651430e+02
4.011074049366244232e+00 3.868215408803189916e+02
4.011080720480319606e+00 2.664023761428346120e+02
4.011087391594395868e+00 1.338907937668029433e+02
4.011094062708472130e+00 1.160136090098742123e+01
4.011100733822548392e+00 1.455803109352177103e+02
4.011107404936623766e+00 2.792630827978113075e+02
4.011114076050700028e+00 4.014527068796024309e+02
4.011120747164776290e+00 5.066552257960533439e+02
4.011127418278852552e+00 5.901633230580347345e+02
4.011134089392928814e+00 6.482101738225068175e+02
4.011140760507004188e+00 6.781304222275005031e+02
4.011147431621080450e+00 6.784799693747253286e+02
4.011154102735156712e+00 6.491043501226815806e+02
4.011160773849232974e+00 5.911515669545445917e+02
4.011167444963308348e+00 5.070285680831493096e+02
4.011174116077384610e+00 4.003039673865602595e+02
4.011180787191460873e+00 2.755662623580697073e+02
4.011187458305537135e+00 1.382923833148763606e+02
4.011194129419612509e+00 1.181644771670475080e+01
4.011200800533688771e+00 1.511295355167163166e+02
4.011207471647765033e+00 2.896193729533741248e+02
4.011214142761841295e+00 4.161938708392046351e+02
4.011220813875916669e+00 5.251679215404589058e+02
4.011227484989992931e+00 6.116646177442831913e+02
4.011234156104069193e+00 6.717798540898371584e+02
4.011240827218145455e+00 7.027500478650069908e+02
4.011247498332220829e+00 7.030766701501486295e+02
4.011254169446297091e+00 6.725974037022256198e+02
4.011260840560373353e+00 6.124997068029463207e+02
4.011267511674449615e+00 5.252759222819574916e+02
4.011274182788525877e+00 4.146225270497438373e+02
4.011280853902601251e+00 2.852926691952645797e+02
4.011287525016677513e+00 1.429549126714846921e+02
4.011294196130753775e+00 1.208810741786245302e+01
4.011300867244830037e+00 1.570549271760587544e+02
4.011307538358905411e+00 3.006576235200417955e+02
4.011314209472981673e+00 4.318969030049674984e+02
4.011320880587057935e+00 5.448836866835453066e+02
4.011327551701134198e+00 6.345603395449095387e+02
4.011334222815209571e+00 6.968764128870442391e+02
4.011340893929285834e+00 7.289635154367929317e+02
4.011347565043362096e+00 7.292649040292021709e+02
4.011354236157438358e+00 6.976096233980971419e+02
4.011360907271513732e+00 6.352268728220673211e+02
4.011367578385589994e+00 5.446996860721401390e+02
4.011374249499666256e+00 4.298605202795198466e+02
4.011380920613742518e+00 2.956378061854217094e+02
4.011387591727817892e+00 1.479045475081943266e+02
4.011394262841894154e+00 1.242446611538059997e+01
4.011400933955970416e+00 1.633939590984448387e+02
4.011407605070046678e+00 3.124462085193985672e+02
4.011414276184122940e+00 4.486585834670781310e+02
4.011420947298198314e+00 5.659239223423296608e+02
4.011427618412274576e+00 6.589915759983134649e+02
4.011434289526350838e+00 7.236547365687306410e+02
4.011440960640427100e+00 7.569329121480374170e+02
4.011447631754502474e+00 7.572069292071358859e+02
4.011454302868578736e+00 7.242962787535742564e+02
4.011460973982654998e+00 6.594743696351347353e+02
4.011467645096731260e+00 5.654207168401113677e+02
4.011474316210806634e+00 4.461126627590924727e+02
4.011480987324882896e+00 3.066656045379138504e+02
4.011487658438959159e+00 1.531710600934579816e+02
4.011494329553035421e+00 1.283442144970468490e+01
4.011501000667110794e+00 1.701892918861310307e+02
4.011507671781187057e+00 3.250629824745486189e+02
4.011514342895263319e+00 4.665891404261483899e+02
4.011521014009339581e+00 5.884269371889993181e+02
4.011527685123414955e+00 6.851191089220443473e+02
4.011534356237491217e+00 7.522913818135702968e+02
4.011541027351567479e+00 7.868430557483588927e+02
4.011547698465643741e+00 7.870878115138118574e+02
4.011554369579720003e+00 7.528345157389858286e+02
4.011561040693795377e+00 6.854034576501550191e+02
4.011567711807871639e+00 5.875769805054101198e+02
4.011574382921947901e+00 4.634871102052824199e+02
4.011581054036024163e+00 3.184490897301125756e+02
4.011587725150099537e+00 1.587884716335769895e+02
4.011594396264175799e+00 1.332767858025662910e+01
4.011601067378252061e+00 1.774897021704173596e+02
4.011607738492328323e+00 3.385969822722283311e+02
4.011614409606403697e+00 4.858146700112998815e+02
4.011621080720479959e+00 6.125509967528828383e+02
4.011627751834556221e+00 7.131269750316449745e+02
4.011634422948632483e+00 7.829885031288305299e+02
4.011641094062707857e+00 8.189056240814813918e+02
4.011647765176784119e+00 8.191195780179774601e+02
4.011654436290860382e+00 7.834273504706479798e+02
4.011661107404936644e+00 7.131990048874635022e+02
4.011667778519012018e+00 6.113266899394756138e+02
4.011674449633088280e+00 4.821079298810797127e+02
4.011681120747164542e+00 3.310720579600646829e+02
4.011687791861240804e+00 1.647958370007503675e+02
4.011694462975317066e+00 1.391481723833662087e+01
4.011701134089392440e+00 1.853512184222517760e+02
4.011707805203468702e+00 3.531505088166001656e+02
4.011714476317544964e+00 5.064800979359707185e+02
4.011721147431621226e+00 6.384780578368234956e+02
4.011727818545696600e+00 7.432268281143861941e+02
4.011734489659772862e+00 8.159786664574575070e+02
4.011741160773849124e+00 8.533642188189322724e+02
4.011747831887925386e+00 8.535463126264475022e+02
4.011754503002000760e+00 8.163085708962357785e+02
4.011761174116077022e+00 7.430739714027353102e+02
4.011767845230153284e+00 6.368521606682403444e+02
4.011774516344229546e+00 5.021181382629475252e+02
4.011781187458304920e+00 3.446311375068622169e+02
4.011787858572381182e+00 1.712382104304184907e+02
4.011794529686457444e+00 1.460740739139963651e+01
4.011801200800533707e+00 1.938385197245929703e+02
4.011807871914609080e+00 3.688416923408591970e+02
4.011814543028685343e+00 5.287528301919577416e+02
4.011821214142761605e+00 6.664183735215017350e+02
4.011827885256837867e+00 7.756633214182403435e+02
4.011834556370914129e+00 8.515307916281619782e+02
4.011841227484989503e+00 8.905006196673580234e+02
4.011847898599065765e+00 8.906504527994094360e+02
4.011854569713142027e+00 8.517487969597568735e+02
4.011861240827218289e+00 7.752749561552728892e+02
4.011867911941293663e+00 6.643645827498187373e+02
4.011874583055369925e+00 5.236834625037639626e+02
4.011881254169446187e+00 3.592383424862928223e+02
4.011887925283522449e+00 1.781678422464464404e+02
4.011894596397597823e+00 1.541819377760473309e+01
4.011901267511674085e+00 2.030266710726379245e+02
4.011907938625750347e+00 3.858076764465541828e+02
4.011914609739826609e+00 5.528272875188660009e+02
4.011921280853901983e+00 6.966162163344323517e+02
4.011927951967978245e+00 8.107207997748287198e+02
4.011934623082054507e+00 8.899575447553605727e+02
4.011941294196130769e+00 9.306425688599633759e+02
4.011947965310206143e+00 9.307606311019521854e+02
4.011954636424282405e+00 8.900630317090116250e+02
4.011961307538358668e+00 8.100891123823765838e+02
4.011967978652434930e+00 6.941099726959927239e+02
4.011974649766511192e+00 5.469970347208171688e+02
4.011981320880586566e+00 3.750242619975472849e+02
4.011987991994662828e+00 1.856456743634545035e+02
4.011994663108739090e+00 1.636136897759773845e+01
4.012001334222815352e+00 2.130032942036087604e+02
4.012008005336890726e+00 4.042086032455357554e+02
4.012014676450966988e+00 5.789305833742791947e+02
4.012021347565043250e+00 7.293570485600679376e+02
4.012028018679119512e+00 8.487316893177663815e+02
4.012034689793194886e+00 9.316246110620473928e+02
4.012041360907271148e+00 9.741735412867399191e+02
4.012048032021347410e+00 9.742615227232950019e+02
4.012054703135423672e+00 9.316201493798961337e+02
4.012061374249499046e+00 8.478528419772045481e+02
4.012068045363575308e+00 7.263766615096297983e+02
4.012074716477651570e+00 5.722853011646849382e+02
4.012081387591727832e+00 3.921420765376668669e+02
4.012088058705803206e+00 1.937432247989202665e+02
4.012094729819879468e+00 1.745295713275017846e+01
4.012101400933955730e+00 2.238713063304533364e+02
4.012108072048031993e+00 4.242326447412448260e+02
4.012114743162108255e+00 6.073296971573942074e+02
4.012121414276183629e+00 7.649765861553624973e+02
4.012128085390259891e+00 8.900871088384424183e+02
4.012134756504336153e+00 9.769624306993249547e+02
4.012141427618412415e+00 1.021545117537679062e+03
4.012148098732487789e+00 1.021606324219161024e+03
4.012154769846564051e+00 9.768549264398677678e+02
4.012161440960640313e+00 8.889628268923357837e+02
4.012168112074716575e+00 7.615048010975452826e+02
4.012174783188791949e+00 5.998155290767798533e+02
4.012181454302868211e+00 4.107726640955229982e+02
4.012188125416944473e+00 2.025449849400312132e+02
4.012194796531020735e+00 1.871133301928284354e+01
4.012201467645096109e+00 2.357524088718832047e+02
4.012208138759172371e+00 4.461024152843147021e+02
4.012214809873248633e+00 6.383406222632082745e+02
4.012221480987324895e+00 8.038723663484954614e+02
4.012228152101400269e+00 9.352504216272710664e+02
4.012234823215476531e+00 1.026481196263890524e+03
4.012241494329552793e+00 1.073292806300062239e+03
4.012248165443629055e+00 1.073332721952330530e+03
4.012254836557705318e+00 1.026283447461641344e+03
4.012261507671780691e+00 9.338901649755389371e+02
4.012268178785856954e+00 7.998985544920492430e+02
4.012274849899933216e+00 6.299054393615301706e+02
4.012281521014009478e+00 4.311311564504745206e+02
4.012288192128084852e+00 2.121515001923395403e+02
4.012294863242161114e+00 2.015790781025201639e+01
4.012301534356237376e+00 2.487915762789679661e+02
4.012308205470313638e+00 4.700832291388834960e+02
4.012314876584389012e+00 6.723401551056716698e+02
4.012321547698465274e+00 8.465186644375525020e+02
4.012328218812541536e+00 9.847747235301751516e+02
4.012334889926617798e+00 1.080790221000546353e+03
4.012341561040693172e+00 1.130056492832185768e+03
4.012348232154769434e+00 1.130083544519745828e+03
4.012354903268845696e+00 1.080523044814469131e+03
4.012361574382921958e+00 9.831986790113194274e+02
4.012368245496997332e+00 8.420418968465672833e+02
4.012374916611073594e+00 6.629357023364206043e+02
4.012381587725149856e+00 4.534754507384038220e+02
4.012388258839226118e+00 2.226833718888023554e+02
4.012394929953302380e+00 2.181802645904464555e+01
4.012401601067377754e+00 2.631628969926152877e+02
4.012408272181454016e+00 4.964938531035064102e+02
4.012414943295530279e+00 7.097812580445837511e+02
4.012421614409606541e+00 8.934859489609154934e+02
4.012428285523681915e+00 1.039325669636818247e+03
4.012434956637758177e+00 1.140623239424357507e+03
4.012441627751834439e+00 1.192607172188917730e+03
4.012448298865910701e+00 1.192633784309446582e+03
4.012454969979986075e+00 1.140318408812767984e+03
4.012461641094062337e+00 1.037568911752225404e+03
4.012468312208138599e+00 8.885193402281604449e+02
4.012474983322214861e+00 6.993663401404126034e+02
4.012481654436290235e+00 4.781173914965399376e+02
4.012488325550366497e+00 2.342865197484917132e+02
4.012494996664442759e+00 2.372214161781201014e+01
4.012501667778519021e+00 2.790772666588353559e+02
4.012508338892594395e+00 5.257206810501334076e+02
4.012515010006670657e+00 7.512133286598700579e+02
4.012521681120746919e+00 9.454665716337806316e+02
4.012528352234823181e+00 1.099711642678305225e+03
4.012535023348898555e+00 1.206871874604893264e+03
4.012541694462974817e+00 1.261882342464507929e+03
4.012548365577051079e+00 1.261926404203945822e+03
4.012555036691127341e+00 1.206576217435666877e+03
4.012561707805203604e+00 1.097829978263514704e+03
4.012568378919278977e+00 9.400434701413905714e+02
4.012575050033355240e+00 7.397585406889518254e+02
4.012581721147431502e+00 5.054376550908461923e+02
4.012588392261507764e+00 2.471391927832278839e+02
4.012595063375583138e+00 2.590736298848255359e+01
4.012601734489659400e+00 2.967926565899327329e+02
4.012608405603735662e+00 5.582366715093455696e+02
4.012615076717811924e+00 7.973093058264894353e+02
4.012621747831887298e+00 1.003309155286085229e+03
4.012628418945963560e+00 1.166924173762336750e+03
4.012635090060039822e+00 1.280630522031912733e+03
4.012641761174116084e+00 1.339033517708548516e+03
4.012648432288191458e+00 1.339120452239508950e+03
4.012655103402267720e+00 1.280411715192904239e+03
4.012661774516343982e+00 1.165002451864592331e+03
4.012668445630420244e+00 9.974920568032312076e+02
4.012675116744495618e+00 7.848040856076066802e+02
4.012681787858571880e+00 5.359058504274454435e+02
4.012688458972648142e+00 2.614614470028984101e+02
4.012695130086724404e+00 2.841953079961287543e+01
4.012701801200800666e+00 3.166280235346570748e+02
4.012708472314876040e+00 5.946270263260125830e+02
4.012715143428952302e+00 8.489024628865945488e+02
4.012721814543028565e+00 1.068065320280109745e+03
4.012728485657104827e+00 1.242192924813167565e+03
4.012735156771180201e+00 1.363257467866701518e+03
4.012741827885256463e+00 1.425490995402729141e+03
4.012748498999332725e+00 1.425656720258144333e+03
4.012755170113408987e+00 1.363212344859653967e+03
4.012761841227484361e+00 1.240357014788843799e+03
4.012768512341560623e+00 1.061958865224581814e+03
4.012775183455636885e+00 8.353656854865619152e+02
4.012781854569713147e+00 5.701080996602061077e+02
4.012788525683788521e+00 2.775281647319502554e+02
4.012795196797864783e+00 3.131604072567779795e+01
4.012801867911941045e+00 3.389824607740451370e+02
4.012808539026017307e+00 6.356245872057442057e+02
4.012815210140092681e+00 9.070371833228273317e+02
4.012821881254168943e+00 1.141054243470593519e+03
4.012828552368245205e+00 1.327061743298987494e+03
4.012835223482321467e+00 1.456459531530269032e+03
4.012841894596397729e+00 1.523053659891839516e+03
4.012848565710473103e+00 1.523348892411337147e+03
4.012855236824549365e+00 1.456726189499649763e+03
4.012861907938625627e+00 1.325496076466848990e+03
4.012868579052701890e+00 1.134824448534319572e+03
4.012875250166777263e+00 8.925332489152173139e+02
4.012881921280853526e+00 6.087855632749676715e+02
4.012888592394929788e+00 2.956872628028849590e+02
4.012895263509006050e+00 3.466977310737586038e+01
4.012901934623081424e+00 3.643620501710389590e+02
4.012908605737157686e+00 6.821595283981322382e+02
4.012915276851233948e+00 9.730403370615599670e+02
4.012921947965310210e+00 1.223953528722400051e+03
4.012928619079385584e+00 1.423495854803411703e+03
4.012935290193461846e+00 1.562411520124413755e+03
4.012941961307538108e+00 1.634015889852548526e+03
4.012948632421614370e+00 1.634512527175031892e+03
4.012955303535689744e+00 1.563187294352376057e+03
4.012961974649766006e+00 1.422469584955086702e+03
4.012968645763842268e+00 1.217856739080960324e+03
4.012975316877918530e+00 9.577039461696700755e+02
4.012981987991994792e+00 6.528893325788732227e+02
4.012988659106070166e+00 3.163856736965022947e+02
4.012995330220146428e+00 3.857468115221330862e+01
4.013002001334222690e+00 3.934182867071119176e+02
4.013008672448298952e+00 7.354305692702166652e+02
4.013015343562374326e+00 1.048623715331842732e+03
4.013022014676450588e+00 1.318929811020816032e+03
4.013028685790526850e+00 1.534036155179836896e+03
4.013035356904603113e+00 1.683928427952031143e+03
4.013042028018678486e+00 1.761350777961743006e+03
4.013048699132754749e+00 1.762151555596654362e+03
4.013055370246831011e+00 1.685497151377099271e+03
4.013062041360907273e+00 1.533942998193366293e+03
4.013068712474982647e+00 1.313357171371232425e+03
4.013075383589058909e+00 1.032698697526716842e+03
4.013082054703135171e+00 7.036604225605926786e+02
4.013088725817211433e+00 3.402072667816223088e+02
4.013095396931286807e+00 4.315393796041601604e+01
4.013102068045363069e+00 4.270043441318745749e+02
4.013108739159439331e+00 7.970094239436690486e+02
4.013115410273515593e+00 1.136034525842192124e+03
4.013122081387591855e+00 1.428830957567393398e+03
4.013128752501667229e+00 1.662026654478487444e+03
4.013135423615743491e+00 1.824719710285166684e+03
4.013142094729819753e+00 1.908981142256400517e+03
4.013148765843896015e+00 1.910234620599067966e+03
4.013155436957971389e+00 1.827494079965373430e+03
4.013162108072047651e+00 1.663447047283120128e+03
4.013168779186123913e+00 1.424378345846856291e+03
4.013175450300200175e+00 1.119936004165351278e+03
4.013182121414275549e+00 7.627493585358581640e+02
4.013188792528351811e+00 3.679296444213755422e+02
4.013195463642428074e+00 4.857214084724149927e+01
4.013202134756504336e+00 4.662596590301932906e+02
4.013208805870579710e+00 8.689981140867864724e+02
4.013215476984655972e+00 1.238282484183345105e+03
4.013222148098732234e+00 1.557476649288852059e+03
4.013228819212808496e+00 1.811959007453736604e+03
4.013235490326883870e+00 1.989775208325447920e+03
4.013242161440960132e+00 2.082191666429075212e+03
4.013248832555036394e+00 2.084116157205684885e+03
4.013255503669112656e+00 1.994364529670745242e+03
4.013262174783188918e+00 1.815759860887298373e+03
4.013268845897264292e+00 1.555057725974734922e+03
4.013275517011340554e+00 1.222698999190760560e+03
4.013282188125416816e+00 8.324002775007317041e+02
4.013288859239493078e+00 4.006117615980247137e+02
4.013295530353568452e+00 5.505416321874512420e+01
4.013302201467644714e+00 5.127409801719471716e+02
4.013308872581720976e+00 9.542732330818562332e+02
4.013315543695797238e+00 1.359493202162950638e+03
4.013322214809872612e+00 1.710111573185590032e+03
4.013328885923948874e+00 1.990011050547632976e+03
4.013335557038025136e+00 2.185969758646338050e+03
4.013342228152101399e+00 2.288276059298610562e+03
4.013348899266176772e+00 2.291199120861729625e+03
4.013355570380253035e+00 2.193291934929437048e+03
4.013362241494329297e+00 1.997511215320896326e+03
4.013368912608405559e+00 1.711146570938694367e+03
4.013375583722480933e+00 1.345559762850626385e+03
4.013382254836557195e+00 9.157441602977647790e+02
4.013388925950633457e+00 4.397338303627840901e+02
4.013395597064709719e+00 6.291531853626178616e+01
4.013402268178785981e+00 5.686326679818708953e+02
4.013408939292861355e+00 1.056878921363076188e+03
4.013415610406937617e+00 1.505478188949953392e+03
4.013422281521013879e+00 1.894138309148563621e+03
4.013428952635090141e+00 2.204920000419368989e+03
4.013435623749165515e+00 2.423046135130378389e+03
4.013442294863241777e+00 2.537592007726387692e+03
4.013448965977318039e+00 2.542018264155168708e+03
4.013455637091394301e+00 2.434520237823673597e+03
4.013462308205469675e+00 2.218175707901457827e+03
4.013468979319545937e+00 1.900881767365490077e+03
4.013475650433622199e+00 1.495080711607278545e+03
4.013482321547698461e+00 1.017284939702880365e+03
4.013488992661773835e+00 4.874299239410802898e+02
4.013495663775850097e+00 7.261164825267596257e+01
4.013502334889926360e+00 6.370984203668225518e+02
4.013509006004002622e+00 1.182686110720201896e+03
4.013515677118077996e+00 1.684693996854067109e+03
4.013522348232154258e+00 2.120354387947008945e+03
4.013529019346230520e+00 2.469460974724667722e+03
4.013535690460306782e+00 2.715284679911294916e+03
4.013542361574383044e+00 2.845358891086943913e+03
4.013549032688458418e+00 2.852092130598425683e+03
4.013555703802534680e+00 2.733178108229787540e+03
4.013562374916610942e+00 2.491782000938562305e+03
4.013569046030687204e+00 2.136491320179450213e+03
4.013575717144762578e+00 1.681029916486332240e+03
4.013582388258838840e+00 1.143744719738335107e+03
4.013589059372915102e+00 5.468938391889225841e+02
4.013595730486991364e+00 8.482797545709607334e+01
4.013602401601066738e+00 7.228993954097531969e+02
4.013609072715143000e+00 1.340555313451582833e+03
4.013615743829219262e+00 1.909940256928010285e+03
4.013622414943295524e+00 2.405150561614212620e+03
4.013629086057370898e+00 2.803084349054407539e+03
4.013635757171447160e+00 3.084493054645356551e+03
4.013642428285523422e+00 3.234889485491244159e+03
4.013649099399599685e+00 3.245265545778533124e+03
4.013655770513675058e+00 3.112584555742435441e+03
4.013662441627751321e+00 2.840022726899504960e+03
4.013669112741827583e+00 2.436944873872303560e+03
4.013675783855903845e+00 1.918610801321228791e+03
4.013682454969980107e+00 1.305621070083427412e+03
4.013689126084055481e+00 6.231301190607987337e+02
4.013695797198131743e+00 1.006415499769191513e+02
4.013702468312208005e+00 8.335481331725065957e+02
4.013709139426284267e+00 1.544517142494863492e+03
4.013715810540359641e+00 2.201558511061603440e+03
4.013722481654435903e+00 2.774671267251236259e+03
4.013729152768512165e+00 3.236930823165164384e+03
4.013735823882588427e+00 3.565718676426012735e+03
4.013742494996663801e+00 3.743794775954856050e+03
4.013749166110740063e+00 3.760158895972022947e+03
4.013755837224816325e+00 3.610659113216158858e+03
4.013762508338892587e+00 3.298315961332482402e+03
4.013769179452967961e+00 2.833342536445629321e+03
4.013775850567044223e+00 2.232853611059780633e+03
4.013782521681120485e+00 1.520270615259471924e+03
4.013789192795196747e+00 7.244492499859599093e+02
4.013795863909272121e+00 1.218496532834099071e+02
4.013802535023348383e+00 9.816316231953983333e+02
4.013809206137424646e+00 1.818187271725204027e+03
4.013815877251500908e+00 2.593946734326410478e+03
4.013822548365577170e+00 3.273337788226593602e+03
4.013829219479652544e+00 3.824167319432410295e+03
4.013835890593728806e+00 4.219094173637341555e+03
4.013842561707805068e+00 4.436930844295771749e+03
4.013849232821881330e+00 4.463710756216501068e+03
4.013855903935956704e+00 4.293469597236307891e+03
4.013862575050032966e+00 3.928700540553257724e+03
4.013869246164109228e+00 3.380456261285569781e+03
4.013875917278185490e+00 2.668085151685015717e+03
4.013882588392260864e+00 1.818604881721401625e+03
4.013889259506337126e+00 8.657375038038878756e+02
4.013895930620413388e+00 1.516912299216668032e+02
4.013902601734489650e+00 1.189966305700417252e+03
4.013909272848565024e+00 2.204637350904015875e+03
4.013915943962641286e+00 3.150236500343342414e+03
4.013922615076717548e+00 3.983201648019829918e+03
4.013929286190793810e+00 4.663644616450281319e+03
4.013935957304869184e+00 5.157172033152789481e+03
4.013942628418945446e+00 5.436524780389812804e+03
4.013949299533021708e+00 5.482958911903901935e+03
4.013955970647097971e+00 5.287302339467940328e+03
4.013962641761174233e+00 4.850633788590145741e+03
4.013969312875249607e+00 4.184545016064400443e+03
4.013975983989325869e+00 3.310963752753937570e+03
4.013982655103402131e+00 2.261532955788980416e+03
4.013989326217478393e+00 1.076564770880684137e+03
4.013995997331553767e+00 1.966540809528100908e+02
4.014002668445630029e+00 1.504639613128822475e+03
4.014009339559706291e+00 2.791628396442888061e+03
4.014016010673782553e+00 4.000214737351052918e+03
4.014022681787857927e+00 5.074497464784561089e+03
4.014029352901934189e+00 5.962388869916330805e+03
4.014036024016010451e+00 6.617962510989747898e+03
4.014042695130086713e+00 7.003624298741593520e+03
4.014049366244162087e+00 7.092009470969363065e+03
4.014056037358238349e+00 6.867518385967927316e+03
4.014062708472314611e+00 6.327416439135901783e+03
4.014069379586390873e+00 5.482438933773423742e+03
4.014076050700466247e+00 4.356860047201455927e+03
4.014082721814542509e+00 2.988005684943474535e+03
4.014089392928618771e+00 1.425215063953317213e+03
4.014096064042695033e+00 2.719103126981599985e+02
4.014102735156771296e+00 2.034832046465124904e+03
4.014109406270846669e+00 3.789870280613903560e+03
4.014116077384922932e+00 5.459840409021293453e+03
4.014122748498999194e+00 6.967632801485238815e+03
4.014129419613075456e+00 8.239306045296620141e+03
4.014136090727150830e+00 9.207266922562925174e+03
4.014142761841227092e+00 9.813331137780105564e+03
4.014149432955303354e+00 1.001154008998111203e+04
4.014156104069379616e+00 9.770616223846967841e+03
4.014162775183454990e+00 9.075950177169899689e+03
4.014169446297531252e+00 7.931027863510757925e+03
4.014176117411607514e+00 6.358224421981452906e+03
4.014182788525683776e+00 4.398914136401061114e+03
4.014189459639759150e+00 2.112872093703346764e+03
4.014196130753835412e+00 4.231521307673234560e+02
4.014202801867911674e+00 3.116962080794846770e+03
4.014209472981987936e+00 5.864383768996236540e+03
4.014216144096063310e+00 8.551703329543151995e+03
4.014222815210139572e+00 1.105964487277420631e+04
4.014229486324215834e+00 1.326730068411846878e+04
4.014236157438292096e+00 1.505631800557172210e+04
4.014242828552368358e+00 1.631514641498731180e+04
4.014249499666443732e+00 1.694319464382652586e+04
4.014256170780519994e+00 1.685474650325589755e+04
4.014262841894596257e+00 1.598249113432909508e+04
4.014269513008672519e+00 1.428053364495805727e+04
4.014276184122747893e+00 1.172676810266320899e+04
4.014282855236824155e+00 8.324515373564163383e+03
4.014289526350900417e+00 4.103353705269750208e+03
4.014296197464976679e+00 8.809615744688544510e+02
4.014302868579052053e+00 6.547168693929839719e+03
4.014309539693128315e+00 1.279065463795841060e+04
4.014316210807204577e+00 1.948566532990625274e+04
4.014322881921280839e+00 2.648877259211190540e+04
4.014329553035356213e+00 3.364279909108906577e+04
4.014336224149432475e+00 4.078128579601491947e+04
4.014342895263508737e+00 4.773333510662829212e+04
4.014349566377584999e+00 5.432867199456702656e+04
4.014356237491660373e+00 6.040275684640567488e+04
4.014362908605736635e+00 6.580178048066250631e+04
4.014369579719812897e+00 7.038737451565710944e+04
4.014376250833889159e+00 7.404087886637628253e+04
4.014382921947965421e+00 7.666702232712290424e+04
4.014389593062040795e+00 7.819689153627784981e+04
4.014396264176117057e+00 7.859008740448504977e+04
4.014402935290193319e+00 7.783599546516950068e+04
4.014409606404269582e+00 7.595412665254584863e+04
4.014416277518344955e+00 7.299351659990506596e+04
4.014422948632421217e+00 6.903120358784399286e+04
4.014429619746497480e+00 6.416983660544003942e+04
4.014436290860573742e+00 5.853449447265321942e+04
4.014442961974649116e+00 5.226882358681222831e+04
4.014449633088725378e+00 4.553062464169388841e+04
4.014456304202801640e+00 3.848703681436640909e+04
4.014462975316877902e+00 3.130948076963001949e+04
4.014469646430953276e+00 2.416852901851201750e+04
4.014476317545029538e+00 1.722887338285205260e+04
4.014482988659105800e+00 1.064455467759689054e+04
4.014489659773182062e+00 4.554610311835061111e+03
4.014496330887257436e+00 9.207755697676366253e+02
4.014503002001333698e+00 5.683188122591034698e+03
4.014509673115409960e+00 9.658708149929299907e+03
4.014516344229486222e+00 1.279911128724323862e+04
4.014523015343562484e+00 1.508266733453390952e+04
4.014529686457637858e+00 1.651389949686192995e+04
4.014536357571714120e+00 1.712251535555914961e+04
4.014543028685790382e+00 1.696154182753578061e+04
4.014549699799866644e+00 1.610474418513709679e+04
4.014556370913942018e+00 1.464343316898697230e+04
4.014563042028018280e+00 1.268278377394409108e+04
4.014569713142094542e+00 1.033780407921413280e+04
4.014576384256170805e+00 7.729102094427553311e+03
4.014583055370246178e+00 4.978602883325928815e+03
4.014589726484322441e+00 2.205368995139288472e+03
4.014596397598398703e+00 4.784369221634440805e+02
4.014603068712474965e+00 2.970711079730467645e+03
4.014609739826550339e+00 5.183185010118391801e+03
4.014616410940626601e+00 7.043285699843277143e+03
4.014623082054702863e+00 8.496234006328408213e+03
4.014629753168779125e+00 9.506125298954624668e+03
4.014636424282854499e+00 1.005632895527336586e+04
4.014643095396930761e+00 1.014917398837226938e+04
4.014649766511007023e+00 9.804953682716854019e+03
4.014656437625083285e+00 9.060307113595683404e+03
4.014663108739159547e+00 7.966057028142293348e+03
4.014669779853234921e+00 6.584601661154098110e+03
4.014676450967311183e+00 4.986972113569458998e+03
4.014683122081387445e+00 3.249676695060311431e+03
4.014689793195463707e+00 1.451461675880753319e+03
4.014696464309539081e+00 3.300386169587748668e+02
4.014703135423615343e+00 2.020765977177961076e+03
4.014709806537691605e+00 3.554031577555889726e+03
4.014716477651767867e+00 4.872029078455616400e+03
4.014723148765843241e+00 5.928182640146500489e+03
4.014729819879919503e+00 6.688535779341140369e+03
4.014736490993995766e+00 7.132648242574954565e+03
4.014743162108072028e+00 7.253925875730009466e+03
4.014749833222147402e+00 7.059387062147345205e+03
4.014756504336223664e+00 6.568892303403180449e+03
4.014763175450299926e+00 5.813883932750592066e+03
4.014769846564376188e+00 4.835700936296028885e+03
4.014776517678451562e+00 3.683548885967790284e+03
4.014783188792527824e+00 2.412216815137796402e+03
4.014789859906604086e+00 1.079644899267359733e+03
4.014796531020680348e+00 2.557524607417597053e+02
4.014803202134756610e+00 1.536777870059131374e+03
4.014809873248831984e+00 2.711046897387993340e+03
4.014816544362908246e+00 3.731903256985719054e+03
4.014823215476984508e+00 4.560658393844387319e+03
4.014829886591060770e+00 5.167887042214369103e+03
4.014836557705136144e+00 5.534376630158943044e+03
4.014843228819212406e+00 5.651630879678926249e+03
4.014849899933288668e+00 5.521917244402688993e+03
4.014856571047364930e+00 5.157868058989141900e+03
4.014863242161440304e+00 4.581663357427282790e+03
4.014869913275516566e+00 3.823839733006706410e+03
4.014876584389592828e+00 2.921783889771204940e+03
4.014883255503669091e+00 1.917981483487850937e+03
4.014889926617744464e+00 8.581058106505369096e+02
4.014896597731820727e+00 2.112107504822106989e+02
4.014903268845896989e+00 1.243473126847007734e+03
4.014909939959973251e+00 2.195804771049305600e+03
4.014916611074048625e+00 3.029333154850709889e+03
4.014923282188124887e+00 3.711301661151673670e+03
4.014929953302201149e+00 4.216214513196870030e+03
4.014936624416277411e+00 4.526735691447634963e+03
4.014943295530353673e+00 4.634226661652007351e+03
4.014949966644429047e+00 4.538906614996887583e+03
4.014956637758505309e+00 4.249636707943856891e+03
4.014963308872581571e+00 3.783345598290783073e+03
4.014969979986657833e+00 3.164128189318942532e+03
4.014976651100733207e+00 2.422062534295171645e+03
4.014983322214809469e+00 1.591801221296935410e+03
4.014989993328885731e+00 7.110085552060188547e+02
4.014996664442961993e+00 1.815679823402253703e+02
4.015003335557037367e+00 1.046734946085340198e+03
4.015010006671113629e+00 1.848294914810409864e+03
4.015016677785189891e+00 2.552988677455551624e+03
4.015023348899266153e+00 3.132506314590754755e+03
4.015030020013341527e+00 3.564490112773825331e+03
4.015036691127417789e+00 3.833362494904129107e+03
4.015043362241494052e+00 3.930852630439736458e+03
4.015050033355570314e+00 3.856202974565105706e+03
4.015056704469645688e+00 3.616052865978899717e+03
4.015063375583721950e+00 3.224010213370750535e+03
4.015070046697798212e+00 2.699935307396474400e+03
4.015076717811874474e+00 2.068972606361882754e+03
4.015083388925950736e+00 1.360376967112949387e+03
4.015090060040026110e+00 6.061965184194809808e+02
4.015096731154102372e+00 1.604480276045867413e+02
4.015103402268178634e+00 9.056339236435685507e+02
4.015110073382254896e+00 1.598088496592787351e+03
4.015116744496330270e+00 2.208758728875090128e+03
4.015123415610406532e+00 2.712748523653548091e+03
4.015130086724482794e+00 3.090199341491600990e+03
4.015136757838559056e+00 3.327048439991854138e+03
4.015143428952634430e+00 3.415529666480628748e+03
4.015150100066710692e+00 3.354397171176207848e+03
4.015156771180786954e+00 3.148866834183299488e+03
4.015163442294863216e+00 2.810282556184020450e+03
4.015170113408938590e+00 2.355526212268179279e+03
4.015176784523014852e+00 1.806200790183628214e+03
4.015183455637091114e+00 1.187626136514633572e+03
4.015190126751167377e+00 5.277031097950110734e+02
4.015196797865242750e+00 1.446583377442951246e+02
4.015203468979319013e+00 7.995074362109994581e+02
4.015210140093395275e+00 1.409345073001718674e+03
4.015216811207471537e+00 1.948375984589318705e+03
4.015223482321547799e+00 2.394392882028515032e+03
4.015230153435623173e+00 2.729553881979389189e+03
4.015236824549699435e+00 2.941077901461830606e+03
4.015243495663775697e+00 3.021715873927005305e+03
4.015250166777851959e+00 2.969978004016435534e+03
4.015256837891927333e+00 2.790110589059921949e+03
4.015263509006003595e+00 2.491827043513488661e+03
4.015270180120079857e+00 2.089808285247694585e+03
4.015276851234156119e+00 1.602997428395309953e+03
4.015283522348231493e+00 1.053722982177507674e+03
4.015290193462307755e+00 4.667017946721268800e+02
4.015296864576384017e+00 1.324235312284592396e+02
4.015303535690460279e+00 7.167972197598551247e+02
4.015310206804535653e+00 1.261901074220876581e+03
4.015316877918611915e+00 1.744532801270063146e+03
4.015323549032688177e+00 2.144651841041584703e+03
4.015330220146764439e+00 2.446069733863787405e+03
4.015336891260839813e+00 2.637090303921755094e+03
4.015343562374916075e+00 2.710951645744410143e+03
4.015350233488992338e+00 2.666050323324644069e+03
4.015356904603068600e+00 2.505940641333498661e+03
4.015363575717144862e+00 2.239111935999330399e+03
4.015370246831220236e+00 1.878556416720052766e+03
4.015376917945296498e+00 1.441149077206959191e+03
4.015383589059372760e+00 9.468698911984843107e+02
4.015390260173449022e+00 4.179162484021543946e+02
4.015396931287524396e+00 1.226776148676750466e+02
4.015403602401600658e+00 6.505324794720432919e+02
4.015410273515676920e+00 1.143543244479581290e+03
4.015416944629753182e+00 1.580618396465380783e+03
4.015423615743828556e+00 1.943497976091163991e+03
4.015430286857904818e+00 2.217370086389062635e+03
4.015436957971981080e+00 2.391462894501195024e+03
4.015443629086057342e+00 2.459459232821381192e+03
4.015450300200132716e+00 2.419714562403777109e+03
4.015456971314208978e+00 2.275270830795380334e+03
4.015463642428285240e+00 2.033668004854305991e+03
4.015470313542361502e+00 1.706563852809346599e+03
4.015476984656436876e+00 1.309180856641674154e+03
4.015483655770513138e+00 8.596073511175311523e+02
4.015490326884589400e+00 3.779984853701981820e+02
4.015496997998665663e+00 1.147418663854293470e+02
4.015503669112741925e+00 5.962593827094104881e+02
4.015510340226817299e+00 1.046441813573532500e+03
4.015517011340893561e+00 1.445948346238649492e+03
4.015523682454969823e+00 1.778006964714808419e+03
4.015530353569046085e+00 2.028967846679702234e+03
4.015537024683121459e+00 2.188853278380510801e+03
4.015543695797197721e+00 2.251747164231046099e+03
4.015550366911273983e+00 2.216005312531099662e+03
4.015557038025350245e+00 2.084278905675353144e+03
4.015563709139425619e+00 1.863352109114635368e+03
4.015570380253501881e+00 1.563802897244339420e+03
4.015577051367578143e+00 1.199503897953200521e+03
4.015583722481654405e+00 7.869878616997015115e+02
4.015590393595729779e+00 3.447216707412708274e+02
4.015597064709806041e+00 1.081636210194031662e+02
4.015603735823882303e+00 5.509991082804174312e+02
4.015610406937958565e+00 9.653458206604577754e+02
4.015617078052033939e+00 1.333338029705297458e+03
4.015623749166110201e+00 1.639465003354267992e+03
4.015630420280186463e+00 1.871070075238918889e+03
4.015637091394262725e+00 2.018863648356482599e+03
4.015643762508338988e+00 2.077289926500215643e+03
4.015650433622414361e+00 2.044728992504670941e+03
4.015657104736490624e+00 1.923526639427122291e+03
4.015663775850566886e+00 1.719852313509979240e+03
4.015670446964643148e+00 1.443393078449405266e+03
4.015677118078718522e+00 1.106898728727993102e+03
4.015683789192794784e+00 7.256006338888907976e+02
4.015690460306871046e+00 3.165470697956232016e+02
4.015697131420947308e+00 1.026294002648396315e+02
4.015703802535022682e+00 5.126839235949242948e+02
4.015710473649098944e+00 8.966021898517884665e+02
4.015717144763175206e+00 1.237778096270618562e+03
4.015723815877251468e+00 1.521783298347507753e+03
4.015730486991326842e+00 1.736819190523667430e+03
4.015737158105403104e+00 1.874197366266637800e+03
4.015743829219479366e+00 1.928685735565943560e+03
4.015750500333555628e+00 1.898702350100827516e+03
4.015757171447631002e+00 1.786349413809092539e+03
4.015763842561707264e+00 1.597287402530021836e+03
4.015770513675783526e+00 1.340456271477220298e+03
4.015777184789859788e+00 1.027657508241013602e+03
4.015783855903936050e+00 6.730179444654930876e+02
4.015790527018011424e+00 2.923773251124008539e+02
4.015797198132087686e+00 9.791524030314816684e+01
4.015803869246163949e+00 4.798336016563876569e+02
4.015810540360240211e+00 8.375908989934584952e+02
4.015817211474315584e+00 1.155669142785478925e+03
4.015823882588391847e+00 1.420578824218767750e+03
4.015830553702468109e+00 1.621269825087272238e+03
4.015837224816544371e+00 1.749583024693455627e+03
4.015843895930619745e+00 1.800577761572222471e+03
4.015850567044696007e+00 1.772717614680150064e+03
4.015857238158772269e+00 1.667907098355427706e+03
4.015863909272848531e+00 1.491378872961221077e+03
4.015870580386923905e+00 1.251437696385920162e+03
4.015877251501000167e+00 9.590737365347607692e+02
4.015883922615076429e+00 6.274647635117325990e+02
4.015890593729152691e+00 2.714087869916666023e+02
4.015897264843228065e+00 9.385687467144516916e+01
4.015903935957304327e+00 4.513606001393173983e+02
4.015910607071380589e+00 7.863839204485283290e+02
4.015917278185456851e+00 1.084358265018069687e+03
4.015923949299533113e+00 1.332616085257559462e+03
4.015930620413608487e+00 1.520765743183530276e+03
4.015937291527684749e+00 1.641117393536342661e+03
4.015943962641761011e+00 1.688993534123608015e+03
4.015950633755837273e+00 1.662907081434613474e+03
4.015957304869912647e+00 1.564599708027346878e+03
4.015963975983988909e+00 1.398939804116088226e+03
4.015970647098065172e+00 1.173685670182569538e+03
4.015977318212141434e+00 8.991256038572144007e+02
4.015983989326216808e+00 5.876132220623698004e+02
4.015990660440293070e+00 2.530394125651275203e+02
4.015997331554369332e+00 9.033109032845698039e+01
4.016004002668445594e+00 4.264479442373155393e+02
4.016010673782520968e+00 7.415309123506672222e+02
4.016017344896597230e+00 1.021847134463129578e+03
4.016024016010673492e+00 1.255454639421044021e+03
4.016030687124749754e+00 1.432545485491018098e+03
4.016037358238825128e+00 1.545848584151645355e+03
4.016044029352901390e+00 1.590924882624269685e+03
4.016050700466977652e+00 1.566338130362921447e+03
4.016057371581053914e+00 1.473694123130764638e+03
4.016064042695130176e+00 1.317547607943024104e+03
4.016070713809205550e+00 1.105181941824688238e+03
4.016077384923281812e+00 8.462723532051302300e+02
4.016084056037358074e+00 5.524501446027719567e+02
4.016090727151434336e+00 2.368092758871162573e+02
4.016097398265509710e+00 8.724365968508470814e+01
4.016104069379585972e+00 4.044700114946739973e+02
4.016110740493662234e+00 7.019199093782873433e+02
4.016117411607738497e+00 9.666018416908727886e+02
4.016124082721813870e+00 1.187219023278108352e+03
4.016130753835890133e+00 1.354484431009223727e+03
4.016137424949966395e+00 1.461502855366751419e+03
4.016144096064042657e+00 1.504052077322480045e+03
4.016150767178118031e+00 1.480746741296717801e+03
4.016157438292194293e+00 1.393077981142666886e+03
4.016164109406270555e+00 1.245327849043939977e+03
4.016170780520346817e+00 1.044363208276856312e+03
4.016177451634422191e+00 7.993192396659731003e+02
4.016184122748498453e+00 5.211890384303792416e+02
4.016190793862574715e+00 2.223609700691500848e+02
4.016197464976650977e+00 8.452129328579918877e+01
4.016204136090727239e+00 3.849396083554856887e+02
4.016210807204802613e+00 6.666840789865952956e+02
4.016217478318878875e+00 9.174253887993050967e+02
4.016224149432955137e+00 1.126444201581818788e+03
4.016230820547031399e+00 1.284921222489644379e+03
4.016237491661106773e+00 1.386300448955961656e+03
4.016244162775183035e+00 1.426557543993001900e+03
4.016250833889259297e+00 1.404357227794318305e+03
4.016257505003335559e+00 1.321092909225382527e+03
4.016264176117410933e+00 1.180807507898315407e+03
4.016270847231487195e+00 9.899997615101215160e+02
4.016277518345563458e+00 7.573255623088416542e+02
4.016284189459639720e+00 4.932100550242061558e+02
4.016290860573715094e+00 2.094125496827459472e+02
4.016297531687791356e+00 8.210613158664817490e+01
4.016304202801867618e+00 3.674716904259433932e+02
4.016310873915943880e+00 6.351377011236056660e+02
4.016317545030019254e+00 8.733700044994578775e+02
4.016324216144095516e+00 1.071969117883573972e+03
4.016330887258171778e+00 1.222538027753436154e+03
4.016337558372248040e+00 1.318828349692503480e+03
4.016344229486324302e+00 1.356996961551146114e+03
4.016350900600399676e+00 1.335757310356208791e+03
4.016357571714475938e+00 1.256418778303843055e+03
4.016364242828552200e+00 1.122812985629455170e+03
4.016370913942628462e+00 9.411110117003395317e+02
4.016377585056703836e+00 7.195405487535722386e+02
4.016384256170780098e+00 4.680180737844995065e+02
4.016390927284856360e+00 1.977386132750490333e+02
4.016397598398932622e+00 7.995188934740062336e+01
4.016404269513007996e+00 3.517579246729833358e+02
4.016410940627084258e+00 6.067312150491591183e+02
4.016417611741160520e+00 8.336754892925544027e+02
4.016424282855236783e+00 1.022861742453852230e+03
4.016430953969312156e+00 1.166276113978919739e+03
4.016437625083388419e+00 1.257950447810298556e+03
4.016444296197464681e+00 1.294208127489001072e+03
4.016450967311540943e+00 1.273809673849756336e+03
4.016457638425616317e+00 1.197991650697993919e+03
4.016464309539692579e+00 1.070397703685080160e+03
4.016470980653768841e+00 8.969054438511012677e+02
4.016477651767845103e+00 6.853577243261840977e+02
4.016484322881921365e+00 4.452128313097371688e+02
4.016490993995996739e+00 1.871568051335505345e+02
4.016497665110073001e+00 7.802110005931628223e+01
4.016504336224149263e+00 3.375484924000483034e+02
4.016511007338225525e+00 5.810190228658049136e+02
4.016517678452300899e+00 7.977250006527499409e+02
4.016524349566377161e+00 9.783652546140049253e+02
4.016531020680453423e+00 1.115275153909521805e+03
4.016537691794529685e+00 1.202742876136429686e+03
4.016544362908605059e+00 1.237245282100751183e+03
4.016551034022681321e+00 1.217588155298086122e+03
4.016557705136757583e+00 1.144944508012796405e+03
4.016564376250833845e+00 1.022789742167621966e+03
4.016571047364909219e+00 8.567371417542892686e+02
4.016577718478985481e+00 6.542818337967514708e+02
4.016584389593061744e+00 4.244672432293552333e+02
4.016591060707138006e+00 1.775180073911230920e+02
4.016597731821213380e+00 7.628311257071342766e+01
4.016604402935289642e+00 3.246388374849332195e+02
4.016611074049365904e+00 5.576360157327829938e+02
4.016617745163442166e+00 7.650127822818916457e+02
4.016624416277518428e+00 9.378587198022122493e+02
4.016631087391593802e+00 1.068828829370258063e+03
4.016637758505670064e+00 1.152446658721869653e+03
4.016644429619746326e+00 1.185330963305156502e+03
4.016651100733822588e+00 1.166330914404889199e+03
4.016657771847897962e+00 1.096563707108789231e+03
4.016664442961974224e+00 9.793533317848646220e+02
4.016671114076050486e+00 8.200737810961051082e+02
4.016677785190126748e+00 6.259044632947118316e+02
4.016684456304202122e+00 4.055114105933316182e+02
4.016691127418278384e+00 1.686990972447374872e+02
4.016697798532354646e+00 7.471260939265719969e+01
4.016704469646430908e+00 3.128598601902303926e+02
4.016711140760506282e+00 5.362801858984468026e+02
4.016717811874582544e+00 7.351202346206245011e+02
4.016724482988658806e+00 9.008279019469729292e+02
4.016731154102735069e+00 1.026351845706354197e+03
4.016737825216810442e+00 1.106432494959969063e+03
4.016744496330886705e+00 1.137820165284766063e+03
4.016751167444962967e+00 1.119405537842003923e+03
4.016757838559039229e+00 1.052256501044324068e+03
4.016764509673115491e+00 9.395601034829792297e+02
4.016771180787190865e+00 7.864727101262174074e+02
4.016777851901267127e+00 5.998858052485890084e+02
4.016784523015343389e+00 3.881206456997774694e+02
4.016791194129419651e+00 1.605975185887156158e+02
4.016797865243495025e+00 7.328849562326806222e+01
4.016804536357571287e+00 3.020705539981053676e+02
4.016811207471647549e+00 5.166995593955682580e+02
4.016817878585723811e+00 7.076979161224510335e+02
4.016824549699799185e+00 8.668432893458234503e+02
4.016831220813875447e+00 9.873550754879797751e+02
4.016837891927951709e+00 1.064174199241227598e+03
4.016844563042027971e+00 1.094173282459465099e+03
4.016851234156103345e+00 1.076282673778835715e+03
4.016857905270179607e+00 1.011526478205357989e+03
4.016864576384255869e+00 9.029673283437932696e+02
4.016871247498332131e+00 7.555628301165368157e+02
4.016877918612407505e+00 5.759408327804027294e+02
4.016884589726483767e+00 3.721063855286251965e+02
4.016891260840560030e+00 1.531271599461354356e+02
4.016897931954636292e+00 7.199305453413082034e+01
4.016904603068712554e+00 2.921524048596036778e+02
4.016911274182787928e+00 4.986822468439486897e+02
4.016917945296864190e+00 6.824518273098229884e+02
4.016924616410940452e+00 8.355433362048783010e+02
4.016931287525016714e+00 9.514265868330005560e+02
4.016937958639092088e+00 1.025228411875213851e+03
4.016944629753168350e+00 1.053935425042968973e+03
4.016951300867244612e+00 1.036515859196713791e+03
4.016957971981320874e+00 9.739547551984367146e+02
4.016964643095396248e+00 8.692012418474530477e+02
4.016971314209472510e+00 7.270306988860641013e+02
4.016977985323548772e+00 5.538286880088493263e+02
4.016984656437625034e+00 3.573092118796527643e+02
4.016991327551700408e+00 1.462151849563434496e+02
4.016997998665776670e+00 7.081129771256908612e+01
4.017004669779852932e+00 2.830050782216562197e+02
4.017011340893929194e+00 4.820487776592947853e+02
4.017018012008004568e+00 6.591328351499740847e+02
4.017024683122080830e+00 8.066215305480354800e+02
4.017031354236157092e+00 9.182169923294311502e+02
4.017038025350233355e+00 9.892189192200795560e+02
4.017044696464309617e+00 1.016720421737239917e+03
4.017051367578384991e+00 9.997259069305351886e+02
4.017058038692461253e+00 9.391854102086025478e+02
4.017064709806537515e+00 8.379441185999432946e+02
4.017071380920613777e+00 7.006097516842676214e+02
4.017078052034689151e+00 5.333444452306953281e+02
4.017084723148765413e+00 3.435934298492958874e+02
4.017091394262841675e+00 1.397995692428065411e+02
4.017098065376917937e+00 6.973045988204412993e+01
4.017104736490993311e+00 2.745430625203616728e+02
4.017111407605069573e+00 4.666461284524876305e+02
4.017118078719145835e+00 6.375284288292253905e+02
4.017124749833222097e+00 7.798163068234147204e+02
4.017131420947297471e+00 8.874280128291003393e+02
4.017138092061373733e+00 9.558244058197319646e+02
4.017144763175449995e+00 9.821983155221265633e+02
4.017151434289526257e+00 9.655886935453654587e+02
4.017158105403601631e+00 9.069140816401710481e+02
4.017164776517677893e+00 8.089241490861750208e+02
4.017171447631754155e+00 6.760718533464038273e+02
4.017178118745830417e+00 5.143126508229466936e+02
4.017184789859906680e+00 3.308428128974006768e+02
4.017191460973982053e+00 1.338271658858774060e+02
4.017198132088058316e+00 6.873960166237898761e+01
4.017204803202134578e+00 2.666930293221311672e+02
4.017211474316210840e+00 4.523430247843375014e+02
4.017218145430286214e+00 6.174562291061854467e+02
4.017224816544362476e+00 7.549030984891601292e+02
4.017231487658438738e+00 8.588034619669530230e+02
4.017238158772515000e+00 9.247687932094053167e+02
4.017244829886590374e+00 9.500854939477555945e+02
4.017251501000666636e+00 9.338255142550752907e+02
4.017258172114742898e+00 8.768789576982348990e+02
4.017264843228819160e+00 7.819074341921404994e+02
4.017271514342894534e+00 6.532206136125007561e+02
4.017278185456970796e+00 4.965822087329100327e+02
4.017284856571047058e+00 3.189572322141935956e+02
4.017291527685123320e+00 1.282521718240473945e+02
4.017298198799198694e+00 6.782929484143052434e+01
4.017304869913274956e+00 2.593917384412090428e+02
4.017311541027351218e+00 4.390262096950795581e+02
4.017318212141427480e+00 5.987588308922862552e+02
4.017324883255503742e+00 7.316880196914358976e+02
4.017331554369579116e+00 8.321220740393470123e+02
4.017338225483655378e+00 8.958135494884139689e+02
4.017344896597731640e+00 9.201368282943404893e+02
4.017351567711807903e+00 9.041953964939141315e+02
4.017358238825883276e+00 8.488535918022699889e+02
4.017364909939959539e+00 7.566915983766363070e+02
4.017371581054035801e+00 6.318860509088459594e+02
4.017378252168112063e+00 4.800222951135879725e+02
4.017384923282187437e+00 3.078499626662522815e+02
4.017391594396263699e+00 1.230349017775704112e+02
4.017398265510339961e+00 6.699137027755310214e+01
4.017404936624416223e+00 2.525843609976075754e+02
4.017411607738491597e+00 4.265974554966103369e+02
4.017418278852567859e+00 5.812996699188690854e+02
4.017424949966644121e+00 7.100027986078409867e+02
4.017431621080720383e+00 8.071917500769470735e+02
4.017438292194795757e+00 8.687515162758315910e+02
4.017444963308872019e+00 8.921393602457777661e+02
4.017451634422948281e+00 8.764889234154169344e+02
4.017458305537024543e+00 8.226411260061653365e+02
4.017464976651099917e+00 7.331006518313798779e+02
4.017471647765176179e+00 6.119202976989648732e+02
4.017478318879252441e+00 4.645190687260427467e+02
4.017484989993328703e+00 2.974455125227829626e+02
4.017491661107404965e+00 1.181407996552571262e+02
4.017498332221480339e+00 6.621871473803197716e+01
4.017505003335556601e+00 2.462231260254653193e+02
4.017511674449632864e+00 4.149711507628045410e+02
4.017518345563709126e+00 5.649596841782284855e+02
4.017525016677784500e+00 6.897006829910820898e+02
4.017531687791860762e+00 7.838449052187604593e+02
4.017538358905937024e+00 8.434019147366143443e+02
4.017545030020013286e+00 8.659071919410638429e+02
4.017551701134088660e+00 8.505232321463257676e+02
4.017558372248164922e+00 7.980696110928071221e+02
4.017565043362241184e+00 7.109808258608487677e+02
4.017571714476317446e+00 5.931941171628079701e+02
4.017578385590392820e+00 4.499730016086870705e+02
4.017585056704469082e+00 2.876778615217527317e+02
4.017591727818545344e+00 1.135396358682785376e+02
4.017598398932621606e+00 6.550510592970610446e+01
4.017605070046696980e+00 2.402662204319289287e+02
4.017611741160773242e+00 4.040723379369574104e+02
4.017618412274849504e+00 5.496345970477094625e+02
4.017625083388925766e+00 6.706531066765902551e+02
4.017631754503002028e+00 7.619346793062954930e+02
4.017638425617077402e+00 8.196062761054514567e+02
4.017645096731153664e+00 8.412773200286402471e+02
4.017651767845229926e+00 8.261379342120502542e+02
4.017658438959306189e+00 7.749881874538011743e+02
4.017665110073381562e+00 6.901971729207281214e+02
4.017671781187457825e+00 5.755940585866538868e+02
4.017678452301534087e+00 4.362966979324177714e+02
4.017685123415610349e+00 2.784890204032900556e+02
4.017691794529685723e+00 1.092048506595514965e+02
4.017698465643761985e+00 6.484507728783556502e+01
4.017705136757838247e+00 2.346768884085646221e+02
4.017711807871914509e+00 3.938351062264278539e+02
4.017718478985989883e+00 5.352326914483730889e+02
4.017725150100066145e+00 6.527469571161420845e+02
4.017731821214142407e+00 7.413318291244589773e+02
4.017738492328218669e+00 7.972251030234654081e+02
4.017745163442294043e+00 8.181062163494557353e+02
4.017751834556370305e+00 8.031917656373105956e+02
4.017758505670446567e+00 7.532639479272347671e+02
4.017765176784522829e+00 6.706307722743143813e+02
4.017771847898599091e+00 5.590201181868153526e+02
4.017778519012674465e+00 4.234131000905103406e+02
4.017785190126750727e+00 2.698278457558713512e+02
4.017791861240826989e+00 1.051130135447808982e+02
4.017798532354903251e+00 6.423380689723394710e+01
4.017805203468978625e+00 2.294226892819179113e+02
4.017811874583054887e+00 3.842012667278814320e+02
4.017818545697131150e+00 5.216729741761631658e+02
4.017825216811207412e+00 6.358823212787746115e+02
4.017831887925282786e+00 7.219221638153941285e+02
4.017838559039359048e+00 7.761351129653731959e+02
4.017845230153435310e+00 7.962670036711715511e+02
4.017851901267511572e+00 7.815598188583311412e+02
4.017858572381586946e+00 7.327793443304808534e+02
4.017865243495663208e+00 6.521764193564487186e+02
4.017871914609739470e+00 5.433838041192282162e+02
4.017878585723815732e+00 4.112540035754154246e+02
4.017885256837891106e+00 2.616490585314351165e+02
4.017891927951967368e+00 1.012433757292511132e+02
4.017898599066043630e+00 6.366702521089762001e+01
4.017905270180119892e+00 2.244748825678271942e+02
4.017911941294196154e+00 3.751192539354233872e+02
4.017918612408271528e+00 5.088836531237646454e+02
4.017925283522347790e+00 6.199706148149768978e+02
4.017931954636424052e+00 7.036044154370407568e+02
4.017938625750500314e+00 7.562269487928838316e+02
4.017945296864575688e+00 7.756471090331804135e+02
4.017951967978651950e+00 7.611312419632245110e+02
4.017958639092728212e+00 7.134300310187993546e+02
4.017965310206804475e+00 6.347407033945121384e+02
4.017971981320879848e+00 5.286065261238138646e+02
4.017978652434956111e+00 3.997588211393186270e+02
4.017985323549032373e+00 2.539124268356366656e+02
4.017991994663108635e+00 9.757749696327593369e+01
4.017998665777184009e+00 6.314093834935320615e+01
4.018005336891260271e+00 2.198079150337892997e+02
4.018012008005336533e+00 3.665432094018426028e+02
4.018018679119412795e+00 4.968008668644691852e+02
4.018025350233488169e+00 6.049330207266671096e+02
4.018032021347564431e+00 6.862884611533298767e+02
4.018038692461640693e+00 7.374032664756965687e+02
4.018045363575716955e+00 7.561463031003059996e+02
4.018052034689793217e+00 7.418073155656985591e+02
4.018058705803868591e+00 6.951230618515451170e+02
4.018065376917944853e+00 6.182403998589962839e+02
4.018072048032021115e+00 5.146182482144980668e+02
4.018078719146097377e+00 3.888735480213632627e+02
4.018085390260172751e+00 2.465820816794357313e+02
4.018092061374249013e+00 9.409893325711128398e+01
4.018098732488325275e+00 6.265216379786552636e+01
4.018105403602401537e+00 2.153989909875987792e+02
4.018112074716476911e+00 3.584322135877804385e+02
4.018118745830553173e+00 4.853676189547296644e+02
4.018125416944629436e+00 5.906991793196468734e+02
4.018132088058705698e+00 6.698938310835072798e+02
4.018138759172781072e+00 7.195771296204713963e+02
4.018145430286857334e+00 7.376750533908651732e+02
4.018152101400933596e+00 7.234998371428283690e+02
4.018158772515009858e+00 6.777753747386451550e+02
4.018165443629085232e+00 6.026011185712154656e+02
4.018172114743161494e+00 5.013563555649804471e+02
4.018178785857237756e+00 3.785498916288037776e+02
4.018185456971314018e+00 2.396259409351882539e+02
4.018192128085390280e+00 9.079297377044140660e+01
4.018198799199465654e+00 6.219767604018162643e+01
4.018205470313541916e+00 2.112277100701910513e+02
4.018212141427618178e+00 3.507496384702252499e+02
4.018218812541694440e+00 4.745328797105097465e+02
4.018225483655769814e+00 5.772060834099561362e+02
4.018232154769846076e+00 6.543484495509236467e+02
4.018238825883922338e+00 7.026706546774654498e+02
4.018245496997998600e+00 7.201531342888800964e+02
4.018252168112073974e+00 7.061297567395916985e+02
4.018258839226150236e+00 6.613125117563296271e+02
4.018265510340226498e+00 5.877561617733762205e+02
4.018272181454302761e+00 4.887646967007983676e+02
4.018278852568378134e+00 3.687445355792756914e+02
4.018285523682454397e+00 2.330152225482113408e+02
4.018292194796530659e+00 8.764641843129589915e+01
4.018298865910606921e+00 6.177476101164766220e+01
4.018305537024682295e+00 2.072757608367955129e+02
4.018312208138758557e+00 3.434625992805780470e+02
4.018318879252834819e+00 4.642508252878120629e+02
4.018325550366911081e+00 5.643971424516224715e+02
4.018332221480987343e+00 6.395875683793760800e+02
4.018338892595062717e+00 6.866138624465030489e+02
4.018345563709138979e+00 7.035084483156703072e+02
4.018352234823215241e+00 6.896260197783649346e+02
4.018358905937291503e+00 6.456675330228413259e+02
4.018365577051366877e+00 5.736455547779967219e+02
4.018372248165443139e+00 4.767927705806521317e+02
4.018378919279519401e+00 3.594185147718289954e+02
4.018385590393595663e+00 2.267240305249710843e+02
4.018392261507671037e+00 8.464738879478812805e+01
4.018398932621747299e+00 6.138097689014597336e+01
4.018405603735823561e+00 2.035266601609743020e+02
4.018412274849899823e+00 3.365414883958309247e+02
4.018418945963975197e+00 4.544801904246629078e+02
4.018425617078051459e+00 5.522213859295565044e+02
4.018432288192127722e+00 6.255528587404605787e+02
4.018438959306203984e+00 6.713437001127633721e+02
4.018445630420279358e+00 6.876760221176742789e+02
4.018452301534355620e+00 6.739245810647810231e+02
4.018458972648431882e+00 6.307800911928122787e+02
4.018465643762508144e+00 5.602152195571719631e+02
4.018472314876584406e+00 4.653950330174479859e+02
4.018478985990659780e+00 3.505366823340742144e+02
4.018485657104736042e+00 2.207290021463924745e+02
4.018492328218812304e+00 8.178516667053972355e+01
4.018498999332888566e+00 6.101412101466977589e+01
4.018505670446963940e+00 1.999655305183511587e+02
4.018512341561040202e+00 3.299595769860319479e+02
4.018519012675116464e+00 4.451837153863526737e+02
4.018525683789192726e+00 5.406327826612365470e+02
4.018532354903268100e+00 6.121916348870470301e+02
4.018539026017344362e+00 6.568032049419944087e+02
4.018545697131420624e+00 6.725971476909295461e+02
4.018552368245496886e+00 6.589675611845735830e+02
4.018559039359572260e+00 6.165956392088266966e+02
4.018565710473648522e+00 5.474162674036883800e+02
4.018572381587724784e+00 4.545303031361777926e+02
4.018579052701801047e+00 3.420672529519296745e+02
4.018585723815876420e+00 2.150090053811310327e+02
4.018592394929952683e+00 7.905005601318632102e+01
4.018599066044028945e+00 6.067220127206173430e+01
4.018605737158105207e+00 1.965789094404443347e+02
4.018612408272181469e+00 3.236926735651216518e+02
4.018619079386256843e+00 4.363276713735393173e+02
4.018625750500333105e+00 5.295896565978043782e+02
4.018632421614409367e+00 5.994561877923136990e+02
4.018639092728485629e+00 6.429407863278526065e+02
4.018645763842561003e+00 6.582186449100698837e+02
4.018652434956637265e+00 6.447025219142904007e+02
4.018659106070713527e+00 6.030647497806485262e+02
4.018665777184789789e+00 5.352043909252217873e+02
4.018672448298865163e+00 4.441612529020816282e+02
4.018679119412941425e+00 3.339814103777908372e+02
4.018685790527017687e+00 2.095448788271228864e+02
4.018692461641093949e+00 7.643326371606471525e+01
4.018699132755169323e+00 6.035341166986876260e+01
4.018705803869245585e+00 1.933545849884585266e+02
4.018712474983321847e+00 3.177188298426513029e+02
4.018719146097398109e+00 4.278814521376747280e+02
4.018725817211473483e+00 5.190541836994968889e+02
4.018732488325549745e+00 5.873032110623441895e+02
4.018739159439626007e+00 6.297096070306930642e+02
4.018745830553702270e+00 6.444922258222468372e+02
4.018752501667778532e+00 6.310818414221511148e+02
4.018759172781853906e+00 5.901425283986312706e+02
4.018765843895930168e+00 5.235393396726133233e+02
4.018772515010006430e+00 4.342539667738170124e+02
4.018779186124082692e+00 3.262529684574341218e+02
4.018785857238158066e+00 2.043192071824464620e+02
4.018792528352234328e+00 7.392679718089755170e+01
4.018799199466310590e+00 6.005611111908682176e+01
4.018805870580386852e+00 1.902814541427465542e+02
4.018812541694462226e+00 3.120180867140060741e+02
4.018819212808538488e+00 4.198172206861546556e+02
4.018825883922614750e+00 5.089919569829757506e+02
4.018832555036691012e+00 5.756933045624631404e+02
4.018839226150766386e+00 6.170670480434345109e+02
4.018845897264842648e+00 6.313739447034392924e+02
4.018852568378918910e+00 6.180621736766672711e+02
4.018859239492995172e+00 5.777881052979511196e+02
4.018865910607070546e+00 5.123844660592228593e+02
4.018872581721146808e+00 4.247775604190584886e+02
4.018879252835223070e+00 3.188580778644038674e+02
4.018885923949299332e+00 1.993161266510080907e+02
4.018892595063375595e+00 7.152337506922708599e+01
4.018899266177450968e+00 5.977880504183920607e+01
4.018905937291527231e+00 1.873493995887946255e+02
4.018912608405603493e+00 3.065722539510491060e+02
4.018919279519679755e+00 4.121096031159511881e+02
4.018925950633755129e+00 4.993716090695695584e+02
4.018932621747831391e+00 5.645905436540717801e+02
4.018939292861907653e+00 6.049742441547451790e+02
4.018945963975983915e+00 6.188237206621851101e+02
4.018952635090059289e+00 6.056039790194164425e+02
4.018959306204135551e+00 5.659641942913715411e+02
4.018965977318211813e+00 5.017063310475064100e+02
4.018972648432288075e+00 4.157038493400586390e+02
4.018979319546363449e+00 3.117749708605618366e+02
4.018985990660439711e+00 1.945211559495189704e+02
4.018992661774515973e+00 6.921635014715084822e+01
4.018999332888592235e+00 5.952012955560015683e+01
4.019006004002667609e+00 1.845491828741200493e+02
4.019012675116743871e+00 3.013647184187471453e+02
4.019019346230820133e+00 4.047354220477688500e+02
4.019026017344896395e+00 4.901644839276431753e+02
4.019032688458972657e+00 5.539621042632998069e+02
4.019039359573048031e+00 5.933956795233132198e+02
4.019046030687124293e+00 6.068049218750041973e+02
4.019052701801200556e+00 5.936711152970848389e+02
4.019059372915276818e+00 5.546367083403901006e+02
4.019066044029352192e+00 4.914743604660167762e+02
4.019072715143428454e+00 4.070070601640069867e+02
4.019079386257504716e+00 3.049837390900667629e+02
4.019086057371580978e+00 1.899210487193456629e+02
4.019092728485656352e+00 6.699964167596363041e+01
4.019099399599732614e+00 5.927883734935230819e+01
4.019106070713808876e+00 1.818723510142732209e+02
4.019112741827885138e+00 2.963802769823780636e+02
4.019119412941960512e+00 3.976734640509938572e+02
4.019126084056036774e+00 4.813443500039215905e+02
4.019132755170113036e+00 5.437779354143285673e+02
4.019139426284189298e+00 5.822988344834988084e+02
4.019146097398264672e+00 5.952840023699526455e+02
4.019152768512340934e+00 5.822304805725084407e+02
4.019159439626417196e+00 5.437744236213915201e+02
4.019166110740493458e+00 4.816605445409423965e+02
4.019172781854569720e+00 3.986635780900198824e+02
4.019179452968645094e+00 2.984661391297203750e+02
4.019186124082721356e+00 1.855036647690481004e+02
4.019192795196797618e+00 6.486767643526549421e+01
4.019199466310873881e+00 5.905378575382922435e+01
4.019206137424949254e+00 1.793111547744915413e+02
4.019212808539025517e+00 2.916049898770340860e+02
4.019219479653101779e+00 3.909042759298651504e+02
4.019226150767178041e+00 4.728871492038887823e+02
4.019232821881253415e+00 5.340104724366234450e+02
4.019239492995329677e+00 5.716538760790896276e+02
4.019246164109405939e+00 5.842301837510061659e+02
4.019252835223482201e+00 5.712516999799495352e+02
4.019259506337557575e+00 5.333486850249599911e+02
4.019266177451633837e+00 4.722391745451366205e+02
4.019272848565710099e+00 3.906517255446784702e+02
4.019279519679786361e+00 2.922054218876300524e+02
4.019286190793861735e+00 1.812578567070349607e+02
4.019292861907937997e+00 6.281533696225586283e+01
4.019299533022014259e+00 5.884392581140611611e+01
4.019306204136090521e+00 1.768584770253855822e+02
4.019312875250166783e+00 2.870260523639560120e+02
4.019319546364242157e+00 3.844099858534723353e+02
4.019326217478318419e+00 4.647707763152565121e+02
4.019332888592394681e+00 5.246343850566564697e+02
4.019339559706470943e+00 5.614333862150717778e+02
4.019346230820546317e+00 5.736151755316926710e+02
4.019352901934622579e+00 5.607068505382835610e+02
4.019359573048698842e+00 5.233331472606918169e+02
4.019366244162775104e+00 4.631866111669502288e+02
4.019372915276850478e+00 3.829515673950855899e+02
4.019379586390926740e+00 2.861861826849441854e+02
4.019386257505003002e+00 1.771733705704452291e+02
4.019392928619079264e+00 6.083791593364761496e+01
4.019399599733154638e+00 5.864829310119111483e+01
4.019406270847230900e+00 1.745077695405366001e+02
4.019412941961307162e+00 2.826316813815045066e+02
4.019419613075383424e+00 3.781741459713057338e+02
4.019426284189458798e+00 4.569748848311332381e+02
4.019432955303535060e+00 5.156263554249713934e+02
4.019439626417611322e+00 5.516121221250663211e+02
4.019446297531687584e+00 5.634129287013016665e+02
4.019452968645763846e+00 5.505702185913440871e+02
4.019459639759839220e+00 5.137035467106709348e+02
4.019466310873915482e+00 4.544810803896121456e+02
4.019472981987991744e+00 3.755447393324030259e+02
4.019479653102068006e+00 2.803942288995590388e+02
4.019486324216143380e+00 1.732407580048843272e+02
4.019492995330219642e+00 5.893107604650089826e+01
4.019499666444295904e+00 5.846599930330268080e+01
4.019506337558372167e+00 1.722529974205693861e+02
4.019513008672447540e+00 2.784110157660983305e+02
4.019519679786523803e+00 3.721815932387690395e+02
4.019526350900600065e+00 4.494807154517225172e+02
4.019533022014676327e+00 5.069648822306841680e+02
4.019539693128751701e+00 5.421668048266117239e+02
4.019546364242827963e+00 5.535994180185316509e+02
4.019553035356904225e+00 5.408180855165802541e+02
4.019559706470980487e+00 5.044374997288945224e+02
4.019566377585055861e+00 4.461024929889883879e+02
4.019573048699132123e+00 3.684142960859508662e+02
4.019579719813208385e+00 2.748164630790038814e+02
4.019586390927284647e+00 1.694512985818043944e+02
4.019593062041360909e+00 5.709081436908208218e+01
4.019599733155436283e+00 5.829622488839761729e+01
4.019606404269512545e+00 1.700885896271263107e+02
4.019613075383588807e+00 2.743540278150260292e+02
4.019619746497665069e+00 3.664183265369721880e+02
4.019626417611740443e+00 4.422709442609592543e+02
4.019633088725816705e+00 4.986301071126808324e+02
4.019639759839892967e+00 5.330759317844577936e+02
4.019646430953969229e+00 5.441524491954186260e+02
4.019653102068044603e+00 5.314285378832926199e+02
4.019659773182120865e+00 4.955143240141506453e+02
4.019666444296197128e+00 4.380322846204720122e+02
4.019673115410273390e+00 3.615445768759644807e+02
4.019679786524348764e+00 2.694407791726478081e+02
4.019686457638425026e+00 1.657969310276140504e+02
4.019693128752501288e+00 5.531343101220894454e+01
4.019699799866577550e+00 5.813821267045984342e+01
4.019706470980652924e+00 1.680093954691308227e+02
4.019713142094729186e+00 2.704514448428897140e+02
4.019719813208805448e+00 3.608713973536319486e+02
4.019726484322881710e+00 4.353295480564984814e+02
4.019733155436957972e+00 4.906036607166358863e+02
4.019739826551033346e+00 5.243196105883333757e+02
4.019746497665109608e+00 5.350514877122925554e+02
4.019753168779185870e+00 5.223812988775417807e+02
4.019759839893262132e+00 4.869148799095781328e+02
4.019766511007337506e+00 4.302532738524947717e+02
4.019773182121413768e+00 3.549210859594050476e+02
4.019779853235490030e+00 2.642559704887223688e+02
4.019786524349566292e+00 1.622701920069498840e+02
4.019793195463641666e+00 5.359550092915920061e+01
4.019799866577717928e+00 5.799126195287650631e+01
4.019806537691794190e+00 1.660106456079720090e+02
4.019813208805870453e+00 2.666946795169399707e+02
4.019819879919945826e+00 3.555288127861693965e+02
4.019826551034022089e+00 4.286416844839786791e+02
4.019833222148098351e+00 4.828685256648618633e+02
4.019839893262174613e+00 5.158794110406005302e+02
4.019846564376249987e+00 5.262775064938482501e+02
4.019853235490326249e+00 5.136575783162491007e+02
4.019859906604402511e+00 4.786214292061614515e+02
4.019866577718478773e+00 4.227495356166693341e+02
4.019873248832555035e+00 3.485303861946065922e+02
4.019879919946630409e+00 2.592516476578218203e+02
4.019886591060706671e+00 1.588641617099147823e+02
4.019893262174782933e+00 5.193384912508374640e+01
4.019899933288859195e+00 5.785472345109842252e+01
4.019906604402934569e+00 1.640879174479927940e+02
4.019913275517010831e+00 2.630757676310815327e+02
4.019919946631087093e+00 3.503794489645140970e+02
4.019926617745163355e+00 4.221935852926216057e+02
4.019933288859238729e+00 4.754089144423646758e+02
4.019939959973314991e+00 5.077382331678798550e+02
4.019946631087391253e+00 5.178128500449811327e+02
4.019953302201467515e+00 5.052399387824053747e+02
4.019959973315542889e+00 4.706175091168854578e+02
4.019966644429619151e+00 4.155062884760307043e+02
4.019973315543695414e+00 3.423600041392824096e+02
4.019979986657771676e+00 2.544181653627398134e+02
4.019986657771847050e+00 1.555724151746519510e+02
4.019993328885923312e+00 5.032552838457282007e+01
4.019999999999999574e+00 5.772799461615501571e+01
