4.009999999999999787e+00 1.512035546672180715e+02
4.010006671114076049e+00 2.877347012478907686e+02
4.010013342228152311e+00 3.972402123611647653e+02
4.010020013342227685e+00 4.684016899082139389e+02
4.010026684456303947e+00 4.940045359472814539e+02
4.010033355570380209e+00 4.713511966527512413e+02
4.010040026684456471e+00 4.025069669212617782e+02
4.010046697798531845e+00 2.941456679379577963e+02
4.010053368912608107e+00 1.571921056377629782e+02
4.010060040026684369e+00 2.344891883886910833e+01
4.010066711140760631e+00 1.541259624461040119e+02
4.010073382254836005e+00 2.931628072719154261e+02
4.010080053368912267e+00 4.046340184745166653e+02
4.010086724482988529e+00 4.770398302410113729e+02
4.010093395597064792e+00 5.030419843914536386e+02
4.010100066711140165e+00 4.798992711466659102e+02
4.010106737825216427e+00 4.097192368258222928e+02
4.010113408939292690e+00 2.992994875936750532e+02
4.010120080053368952e+00 1.597518162075151338e+02
4.010126751167444326e+00 2.330376493967270690e+01
4.010133422281520588e+00 1.571490949731795865e+02
4.010140093395596850e+00 2.987660279724300949e+02
4.010146764509673112e+00 4.122612983438655192e+02
4.010153435623749374e+00 4.859475441456018530e+02
4.010160106737824748e+00 5.123590206842372936e+02
4.010166777851901010e+00 4.887096170686285745e+02
4.010173448965977272e+00 4.171505870237303952e+02
4.010180120080053534e+00 3.046073761079261430e+02
4.010186791194128908e+00 1.623851745968501916e+02
4.010193462308205170e+00 2.316109991567977033e+01
4.010200133422281432e+00 1.602776501133103579e+02
4.010206804536357694e+00 3.045526734972776808e+02
4.010213475650433068e+00 4.201331923397204378e+02
4.010220146764509330e+00 4.951377365768005916e+02
4.010226817878585592e+00 5.219690628179370151e+02
4.010233488992661854e+00 4.977948479680476339e+02
4.010240160106737228e+00 4.248115714987104639e+02
4.010246831220813490e+00 3.100767583191013728e+02
4.010253502334889752e+00 1.650956951823299335e+02
4.010260173448966015e+00 2.302142984724004648e+01
4.010266844563041388e+00 1.635166308134907069e+02
4.010273515677117651e+00 3.105315926111489944e+02
4.010280186791193913e+00 4.282615635817293196e+02
4.010286857905270175e+00 5.046241508778926459e+02
4.010293529019346437e+00 5.318864019667402090e+02
4.010300200133421811e+00 5.071683997952332561e+02
4.010306871247498073e+00 4.327134338727382215e+02
4.010313542361574335e+00 3.157155459890440170e+02
4.010320213475650597e+00 1.678871255240200639e+02
4.010326884589725971e+00 2.288534319957252094e+01
4.010333555703802233e+00 1.668713703572995826e+02
4.010340226817878495e+00 3.167122171184707327e+02
4.010346897931954757e+00 4.366590573671627453e+02
4.010353569046030131e+00 5.144214379092314857e+02
4.010360240160106393e+00 5.421262746478823829e+02
4.010366911274182655e+00 5.168445989587416989e+02
4.010373582388258917e+00 4.408681646868417374e+02
4.010380253502334291e+00 3.215321781811445021e+02
4.010386924616410553e+00 1.707634655823251819e+02
4.010393595730486815e+00 2.275352138619806652e+01
4.010400266844563077e+00 1.703475597277128202e+02
4.010406937958638451e+00 3.231046104356332194e+02
4.010413609072714713e+00 4.453391667460805934e+02
4.010420280186790976e+00 5.245452322707079702e+02
4.010426951300867238e+00 5.527049421962396991e+02
4.010433622414943500e+00 5.268387373336923929e+02
4.010440293529018874e+00 4.492885643134800944e+02
4.010446964643095136e+00 3.275356657468127537e+02
4.010453635757171398e+00 1.737289888801979316e+02
4.010460306871247660e+00 2.262675055186271678e+01
4.010466977985323034e+00 1.739512781173744145e+02
4.010473649099399296e+00 3.297195215005767182e+02
4.010480320213475558e+00 4.543163048105142821e+02
4.010486991327551820e+00 5.350122362006802632e+02
4.010493662441627194e+00 5.636397783655794456e+02
4.010500333555703456e+00 5.371671549108309591e+02
4.010507004669779718e+00 4.579883123584018563e+02
4.010513675783855980e+00 3.337356404178560183e+02
4.010520346897931354e+00 1.767882661423941215e+02
4.010527018012007616e+00 2.250593465243703406e+01
4.010533689126083878e+00 1.776890263858530545e+02
4.010540360240160140e+00 3.365684439028742077e+02
4.010547031354235514e+00 4.636058843018714128e+02
4.010553702468311776e+00 5.458403123230763185e+02
4.010560373582388038e+00 5.749493660788511988e+02
4.010567044696464301e+00 5.478473310719861047e+02
4.010573715810540563e+00 4.669820444571386702e+02
4.010580386924615937e+00 3.401424090552643520e+02
4.010587058038692199e+00 1.799461909988250170e+02
4.010593729152768461e+00 2.239210991458264743e+01
4.010600400266844723e+00 1.815677640688055590e+02
4.010607071380920097e+00 3.436636815206338724e+02
4.010613742494996359e+00 4.732244059481679415e+02
4.010620413609072621e+00 5.570485861680283506e+02
4.010627084723148883e+00 5.866536044750549763e+02
4.010633755837224257e+00 5.588979856872311984e+02
4.010640426951300519e+00 4.762854371509305906e+02
4.010647098065376781e+00 3.467670136311060105e+02
4.010653769179453043e+00 1.832080088673442049e+02
4.010660440293528417e+00 2.228646073787054149e+01
4.010667111407604679e+00 1.855949504809414634e+02
4.010673782521680941e+00 3.510184212114354523e+02
4.010680453635757203e+00 4.831895560130084277e+02
4.010687124749832577e+00 5.686575597577586905e+02
4.010693795863908839e+00 5.987738275033398168e+02
4.010700466977985101e+00 5.703391910085898644e+02
4.010707138092061363e+00 4.859153019226583297e+02
4.010713809206137626e+00 3.536212978095446715e+02
4.010720480320212999e+00 1.865793486966479975e+02
4.010727151434289262e+00 2.219033705724672600e+01
4.010733822548365524e+00 1.897785901744597652e+02
4.010740493662441786e+00 3.586468132402249012e+02
4.010747164776517160e+00 4.935203147643052830e+02
4.010753835890593422e+00 5.806892377481651693e+02
4.010760507004669684e+00 6.113329356032539863e+02
4.010767178118745946e+00 5.821924960784417635e+02
4.010773849232821320e+00 4.958896898539379663e+02
4.010780520346897582e+00 3.607179809288805359e+02
4.010787191460973844e+00 1.900662582374301053e+02
4.010793862575050106e+00 2.210527318260763963e+01
4.010800533689125480e+00 1.941272835218779846e+02
4.010807204803201742e+00 3.665640608995921070e+02
4.010813875917278004e+00 5.042370770387466337e+02
4.010820547031354266e+00 5.931672675751229917e+02
4.010827218145429640e+00 6.243555421394826226e+02
4.010833889259505902e+00 5.944810649644413161e+02
4.010840560373582164e+00 5.062280077574906159e+02
4.010847231487658426e+00 3.680707401426875549e+02
4.010853902601734688e+00 1.936752435750794632e+02
4.010860573715810062e+00 2.203300802826208127e+01
4.010867244829886324e+00 1.986502830322033333e+02
4.010873915943962587e+00 3.747865203461133774e+02
4.010880587058038849e+00 5.153617863811056168e+02
4.010887258172114223e+00 6.061170957190927311e+02
4.010893929286190485e+00 6.378681365904076301e+02
4.010900600400266747e+00 6.072298309407910892e+02
4.010907271514343009e+00 5.169511479502053817e+02
4.010913942628418383e+00 3.756943023248999225e+02
4.010920613742494645e+00 1.974133129390825445e+02
4.010927284856570907e+00 2.197550666187141033e+01
4.010933955970647169e+00 2.033575561943106322e+02
4.010940627084722543e+00 3.833318117017461191e+02
4.010947298198798805e+00 5.269180849288866284e+02
4.010953969312875067e+00 6.195661420544548719e+02
4.010960640426951329e+00 6.518992667464666511e+02
4.010967311541026703e+00 6.204656686397061094e+02
4.010973982655102965e+00 5.280816329573011672e+02
4.010980653769179227e+00 3.836045463671209745e+02
4.010987324883255489e+00 2.012880256635165495e+02
4.010993995997331751e+00 2.193498286168482991e+01
4.011000667111407125e+00 2.082598556289678982e+02
4.011007338225483387e+00 3.922189437174536124e+02
4.011014009339559649e+00 5.389314810400356919e+02
4.011020680453635912e+00 6.335439949346628055e+02
4.011027351567711285e+00 6.664797425700652411e+02
4.011034022681787548e+00 6.342175866432844487e+02
4.011040693795863810e+00 5.396437776315773363e+02
4.011047364909940072e+00 3.918186181039254734e+02
4.011054036024015446e+00 2.053075473438869665e+02
4.011060707138091708e+00 2.191392252806695140e+01
4.011067378252167970e+00 2.133687979455007451e+02
4.011074049366244232e+00 4.014684530326371146e+02
4.011080720480319606e+00 5.514295369590693099e+02
4.011087391594395868e+00 6.480826298345144778e+02
4.011094062708472130e+00 6.816428647705181447e+02
4.011100733822548392e+00 6.485169436068028972e+02
4.011107404936623766e+00 5.516638709614325080e+02
4.011114076050700028e+00 4.003550589772445392e+02
4.011120747164776290e+00 2.094807112369201718e+02
4.011127418278852552e+00 2.191510742867177797e+01
4.011134089392928814e+00 2.186969518677798305e+02
4.011140760507004188e+00 4.111025608470758357e+02
4.011147431621080450e+00 5.644420799262524042e+02
4.011154102735156712e+00 6.632166550524070772e+02
4.011160773849232974e+00 6.974246816638644759e+02
4.011167444963308348e+00 6.633976910664641764e+02
4.011174116077384610e+00 5.641703804683612589e+02
4.011180787191460873e+00 4.092339507213277443e+02
4.011187458305537135e+00 2.138170878350899216e+02
4.011194129419612509e+00 2.194163882505547036e+01
4.011200800533688771e+00 2.242579377409112169e+02
4.011207471647765033e+00 4.211453492896708326e+02
4.011214142761841295e+00 5.780014395355900660e+02
4.011220813875916669e+00 6.789835883576425886e+02
4.011227484989992931e+00 7.138642785022190083e+02
4.011234156104069193e+00 6.788966470151880230e+02
4.011240827218145455e+00 5.771941825992561235e+02
4.011247498332220829e+00 4.184770787670251480e+02
4.011254169446297091e+00 2.183270629731401868e+02
4.011260840560373353e+00 2.199696042715535071e+01
4.011267511674449615e+00 2.300665397671424159e+02
4.011274182788525877e+00 4.316229600799332502e+02
4.011280853902601251e+00 5.921427158071737722e+02
4.011287525016677513e+00 6.954241692681165432e+02
4.011294196130753775e+00 7.310041041337869956e+02
4.011300867244830037e+00 6.950538049379717904e+02
4.011307538358905411e+00 5.907688228691035874e+02
4.011314209472981673e+00 4.281081163854208853e+02
4.011320880587057935e+00 2.230219260887714086e+02
4.011327551701134198e+00 2.208487993258771453e+01
4.011334222815209571e+00 2.361388325495867662e+02
4.011340893929285834e+00 4.425638195740306173e+02
4.011347565043362096e+00 6.069040824842074926e+02
4.011354236157438358e+00 7.125827124624834141e+02
4.011360907271513732e+00 7.488903407666066414e+02
4.011367578385589994e+00 7.119126836439812678e+02
4.011374249499666256e+00 6.049308105976422212e+02
4.011380920613742518e+00 4.381528337920952367e+02
4.011387591727817892e+00 2.279139706184380998e+02
4.011394262841894154e+00 2.220958863312631593e+01
4.011400933955970416e+00 2.424923251138499154e+02
4.011407605070046678e+00 4.539988939150008491e+02
4.011414276184122940e+00 6.223271308191324351e+02
4.011420947298198314e+00 7.305075086956119321e+02
4.011427618412274576e+00 7.675733235974879562e+02
4.011434289526350838e+00 7.295207243435966120e+02
4.011440960640427100e+00 6.197199535008804787e+02
4.011447631754502474e+00 4.486393352977635232e+02
4.011454302868578736e+00 2.330166074811009764e+02
4.011460973982654998e+00 2.237567842668347495e+01
4.011467645096731260e+00 2.491461240659939165e+02
4.011474316210806634e+00 4.659619788347891358e+02
4.011480987324882896e+00 6.384572608826780424e+02
4.011487658438959159e+00 7.492512810277850122e+02
4.011494329553035421e+00 7.871080183728840893e+02
4.011501000667110794e+00 7.479297428154673071e+02
4.011507671781187057e+00 6.351797387662634264e+02
4.011514342895263319e+00 4.595983294219466302e+02
4.011521014009339581e+00 2.383444949668231061e+02
4.011527685123414955e+00 2.258815589169409677e+01
4.011534356237491217e+00 2.561211199353770098e+02
4.011541027351567479e+00 4.784900306040844953e+02
4.011547698465643741e+00 6.553441276754691671e+02
4.011554369579720003e+00 7.688717051533069480e+02
4.011561040693795377e+00 8.075545663359305308e+02
4.011567711807871639e+00 7.671964453399560853e+02
4.011574382921947901e+00 6.513577679764182449e+02
4.011581054036024163e+00 4.710634377613089327e+02
4.011587725150099537e+00 2.439136867251502565e+02
4.011594396264175799e+00 2.285245342184805040e+01
4.011601067378252061e+00 2.634402002457406411e+02
4.011607738492328323e+00 4.916235439962217129e+02
4.011614409606403697e+00 6.730421515217033175e+02
4.011621080720479959e+00 7.894320049874590950e+02
4.011627751834556221e+00 8.289789080693964252e+02
4.011634422948632483e+00 7.873830196937236678e+02
4.011641094062707857e+00 6.683062555995063576e+02
4.011647765176784119e+00 4.830715484710453325e+02
4.011654436290860382e+00 2.497418013983477749e+02
4.011661107404936644e+00 2.317443782795319507e+01
4.011667778519012018e+00 2.711284934266709001e+02
4.011674449633088280e+00 5.054069861979028815e+02
4.011681120747164542e+00 6.916111037622833919e+02
4.011687791861240804e+00 8.110016362332277140e+02
4.011694462975317066e+00 8.514534997439047856e+02
4.011701134089392440e+00 8.085578137661462961e+02
4.011707805203468702e+00 6.860826013755466874e+02
4.011714476317544964e+00 4.956632226399058254e+02
4.011721147431621226e+00 2.558482180075240819e+02
4.011727818545696600e+00 2.356041748685834136e+01
4.011734489659772862e+00 2.792136500645518709e+02
4.011741160773849124e+00 5.198892961710059808e+02
4.011747831887925386e+00 7.111167809090231913e+02
4.011754503002000760e+00 8.336570734926244768e+02
4.011761174116077022e+00 8.750581382378442186e+02
4.011767845230153284e+00 8.307961176165891857e+02
4.011774516344229546e+00 7.047500503417389837e+02
4.011781187458304920e+00 5.088831631036850354e+02
4.011787858572381182e+00 2.622543009547372890e+02
4.011794529686457444e+00 2.401714997156855702e+01
4.011801200800533707e+00 2.877261668793217950e+02
4.011807871914609080e+00 5.351244608997481009e+02
4.011814543028685343e+00 7.316317835243758054e+02
4.011821214142761605e+00 8.574827199622448006e+02
4.011827885256837867e+00 8.998809148897474870e+02
4.011834556370914129e+00 8.541810678519474322e+02
4.011841227484989503e+00 7.243784563019611369e+02
4.011847898599065765e+00 5.227807566067447169e+02
4.011854569713142027e+00 2.689836604806066589e+02
4.011861240827218289e+00 2.455185268145543631e+01
4.011867911941293663e+00 2.966997624983883952e+02
4.011874583055369925e+00 5.511721837070026595e+02
4.011881254169446187e+00 7.532364189569182145e+02
4.011887925283522449e+00 8.825719621349620638e+02
4.011894596397597823e+00 9.260193219321095057e+02
4.011901267511674085e+00 8.788046970345857289e+02
4.011907938625750347e+00 7.450451679431690764e+02
4.011914609739826609e+00 5.374107037421471205e+02
4.011921280853901983e+00 2.760624557209229124e+02
4.011927951967978245e+00 2.517222002964829031e+01
4.011934623082054507e+00 3.061718143310162645e+02
4.011941294196130769e+00 5.680986610203738110e+02
4.011947965310206143e+00 7.760197518291904544e+02
4.011954636424282405e+00 9.090283976660883809e+02
4.011961307538358668e+00 9.535815408890714480e+02
4.011967978652434930e+00 9.047691562762123567e+02
4.011974649766511192e+00 7.668360618578325330e+02
4.011981320880586566e+00 5.528337531702804881e+02
4.011987991994662828e+00 2.835197474537731637e+02
4.011994663108739090e+00 2.588645163352234491e+01
4.012001334222815352e+00 3.161838680642239297e+02
4.012008005336890726e+00 5.859774897611267761e+02
4.012014676450966988e+00 8.000808311219716416e+02
4.012021347565043250e+00 9.369672702377275755e+02
4.012028018679119512e+00 9.826879488325722605e+02
4.012034689793194886e+00 9.321881450503088899e+02
4.012041360907271148e+00 7.898467509243444056e+02
4.012048032021347410e+00 5.691175609532966746e+02
4.012054703135423672e+00 2.913879119323310647e+02
4.012061374249499046e+00 2.670329584115322419e+01
4.012068045363575308e+00 3.267822352573244871e+02
4.012074716477651570e+00 6.048907312842416104e+02
4.012081387591727832e+00 8.255301295745140351e+02
4.012088058705803206e+00 9.665171532569030433e+02
4.012094729819879468e+00 1.013472886728166600e+03
4.012101400933955730e+00 9.611885905928093052e+02
4.012108072048031993e+00 8.141840041998369770e+02
4.012114743162108255e+00 5.863377011425665160e+02
4.012121414276183629e+00 2.997031269184862481e+02
4.012128085390259891e+00 2.763211465281469259e+01
4.012134756504336153e+00 3.380186967474627409e+02
4.012141427618412415e+00 6.249301638512372392e+02
4.012148098732487789e+00 8.524912393825940171e+02
4.012154769846564051e+00 9.978219345759438283e+02
4.012161440960640313e+00 1.046086744662125056e+03
4.012168112074716575e+00 9.919126290875558425e+02
4.012174783188791949e+00 8.399674230757003670e+02
4.012181454302868211e+00 6.045788586925140180e+02
4.012188125416944473e+00 3.085059462775461157e+02
4.012194796531020735e+00 2.868297467736423556e+01
4.012201467645096109e+00 3.499513338720172442e+02
4.012208138759172371e+00 6.461987648830656781e+02
4.012214809873248633e+00 8.811028794697987223e+02
4.012221480987324895e+00 1.031043166458664246e+03
4.012228152101400269e+00 1.080698432247641676e+03
4.012234823215476531e+00 1.024519954005990940e+03
4.012241494329552793e+00 8.673314284914193877e+02
4.012248165443629055e+00 6.239362447729375845e+02
4.012254836557705318e+00 3.178419818641381767e+02
4.012261507671780691e+00 2.986677066150962645e+01
4.012268178785856954e+00 3.626455169506985499e+02
4.012274849899933216e+00 6.688124726752868128e+02
4.012281521014009478e+00 9.115212824690648858e+02
4.012288192128084852e+00 1.066362862152242997e+03
4.012294863242161114e+00 1.117498319820841061e+03
4.012301534356237376e+00 1.059190613310869594e+03
4.012308205470313638e+00 8.964276297873097974e+02
4.012314876584389012e+00 6.445172848926296183e+02
4.012321547698465274e+00 3.277627171815548763e+02
4.012328218812541536e+00 3.119538737381345683e+01
4.012334889926617798e+00 3.761750849415570883e+02
4.012341561040693172e+00 6.929022915043320836e+02
4.012348232154769434e+00 9.439230488244056687e+02
4.012354903268845696e+00 1.103986841116710821e+03
4.012361574382921958e+00 1.156701758576140264e+03
4.012368245496997332e+00 1.096128359159866250e+03
4.012374916611073594e+00 9.274276625542444208e+02
4.012381587725149856e+00 6.664436418545475362e+02
4.012388258839226118e+00 3.383264830510654519e+02
4.012394929953302380e+00 3.268190596087965361e+01
4.012401601067377754e+00 3.906237625726965348e+02
4.012408272181454016e+00 7.186168212057643814e+02
4.012414943295530279e+00 9.785085778069808384e+02
4.012421614409606541e+00 1.144148752569106364e+03
4.012428285523681915e+00 1.198553317080413990e+03
4.012434956637758177e+00 1.135564681565803539e+03
4.012441627751834439e+00 9.605266079600814919e+02
4.012448298865910701e+00 6.898536554070486773e+02
4.012454969979986075e+00 3.495996348732666661e+02
4.012461641094062337e+00 3.434086317404804589e+01
4.012468312208138599e+00 4.060868718338218173e+02
4.012474983322214861e+00 7.461253133970933504e+02
4.012481654436290235e+00 1.015506215865354989e+03
4.012488325550366497e+00 1.187114943806179781e+03
4.012494996664442759e+00 1.243331910204223504e+03
4.012501667778519021e+00 1.177763694761944862e+03
4.012508338892594395e+00 9.959471378432706388e+02
4.012515010006670657e+00 7.149053007597999567e+02
4.012521681120746919e+00 3.616579812608135853e+02
4.012528352234823181e+00 3.618857262276217313e+01
4.012535023348898555e+00 4.226734111437865522e+02
4.012541694462974817e+00 7.756213884144476651e+02
4.012548365577051079e+00 1.055177304690163055e+03
4.012555036691127341e+00 1.233190387522589617e+03
4.012561707805203604e+00 1.291357047818270075e+03
4.012568378919278977e+00 1.223028094307239826e+03
4.012575050033355240e+00 1.033944570790280295e+03
4.012581721147431502e+00 7.417798001181945438e+02
4.012588392261507764e+00 3.745885291752506419e+02
4.012595063375583138e+00 3.824351959603041706e+01
4.012601734489659400e+00 4.405085995391407323e+02
4.012608405603735662e+00 8.073275844809404589e+02
4.012615076717811924e+00 1.097822363781548347e+03
4.012621747831887298e+00 1.282725946764022638e+03
4.012628418945963560e+00 1.342996499182558864e+03
4.012635090060039822e+00 1.271706468771319351e+03
4.012641761174116084e+00 1.074813083063985232e+03
4.012648432288191458e+00 7.706860624084068832e+02
4.012655103402267720e+00 3.884916307037948400e+02
4.012661774516343982e+00 4.052684733645082105e+01
4.012668445630420244e+00 4.597370096559988610e+02
4.012675116744495618e+00 8.415009657080727266e+02
4.012681787858571880e+00 1.143788717835242096e+03
4.012688458972648142e+00 1.336127344096224761e+03
4.012695130086724404e+00 1.398675761967145036e+03
4.012701801200800666e+00 1.324202340069212823e+03
4.012708472314876040e+00 1.118893393086450487e+03
4.012715143428952302e+00 8.018661799156009238e+02
4.012721814543028565e+00 4.034836428377971060e+02
4.012728485657104827e+00 4.306295526672662533e+01
4.012735156771180201e+00 4.805264568117154340e+02
4.012741827885256463e+00 8.784400877544757122e+02
4.012748498999332725e+00 1.193479978181281467e+03
4.012755170113408987e+00 1.393866319533992737e+03
4.012761841227484361e+00 1.458889851810912660e+03
4.012768512341560623e+00 1.380985428136239534e+03
4.012775183455636885e+00 1.166582344588485739e+03
4.012781854569713147e+00 8.356022896491105030e+02
4.012788525683788521e+00 4.197002507809770577e+02
4.012795196797864783e+00 4.588024125736805559e+01
4.012801867911941045e+00 5.030728652059835895e+02
4.012808539026017307e+00 9.184937208930151655e+02
4.012815210140092681e+00 1.247367925920437528e+03
4.012821881254168943e+00 1.456494627568467422e+03
4.012828552368245205e+00 1.524218104217960672e+03
4.012835223482321467e+00 1.442605806117234124e+03
4.012841894596397729e+00 1.218344959866241197e+03
4.012848565710473103e+00 8.722252096741392506e+02
4.012855236824549365e+00 4.373006541821826545e+02
4.012861907938625627e+00 4.901202948796036907e+01
4.012868579052701890e+00 5.276064093145533889e+02
4.012875250166777263e+00 9.620718701107014112e+02
4.012881921280853526e+00 1.306007539037534116e+03
4.012888592394929788e+00 1.524661753024377731e+03
4.012895263509006050e+00 1.595342926615922806e+03
4.012901934623081424e+00 1.509711850304431437e+03
4.012908605737157686e+00 1.274729738061650778e+03
4.012915276851233948e+00 9.121254119091120174e+02
4.012921947965310210e+00 4.564728913600170586e+02
4.012928619079385584e+00 5.249774140004527112e+01
4.012935290193461846e+00 5.543993399288511910e+02
4.012941961307538108e+00 1.009659831083437666e+03
4.012948632421614370e+00 1.370056177043417165e+03
4.012955303535689744e+00 1.599137551677570400e+03
4.012961974649766006e+00 1.673073787767330259e+03
4.012968645763842268e+00 1.583073226395118809e+03
4.012975316877918530e+00 1.336388266318966316e+03
4.012981987991994792e+00 9.557671029278849346e+02
4.012988659106070166e+00 4.774406788039588605e+02
4.012995330220146428e+00 5.638439277492872037e+01
4.013002001334222690e+00 5.837760587653358471e+02
4.013008672448298952e+00 1.061836303723472383e+03
4.013015343562374326e+00 1.440298331514829442e+03
4.013022014676450588e+00 1.680841491096543677e+03
4.013028685790526850e+00 1.758378234326909705e+03
4.013035356904603113e+00 1.663610642562680141e+03
4.013042028018678486e+00 1.404100632809043418e+03
4.013048699132754749e+00 1.003706490381972117e+03
4.013055370246831011e+00 5.004722933457817931e+02
4.013062041360907273e+00 6.072852905345335017e+01
4.013068712474982647e+00 6.161262323629990760e+02
4.013075383589058909e+00 1.119296999446857171e+03
4.013082054703135171e+00 1.517677921474902178e+03
4.013088725817211433e+00 1.770880850244721842e+03
4.013095396931286807e+00 1.852422459412638318e+03
4.013102068045363069e+00 1.752434812339625296e+03
4.013108739159439331e+00 1.478808746328819780e+03
4.013115410273515593e+00 1.056615763209758825e+03
4.013122081387591855e+00 5.258922482360208051e+02
4.013128752501667229e+00 6.559876368995226414e+01
4.013135423615743491e+00 6.519220743391695123e+02
4.013142094729819753e+00 1.182885790182286200e+03
4.013148765843896015e+00 1.603340959920008117e+03
4.013155436957971389e+00 1.870601253215178758e+03
4.013162108072047651e+00 1.956625040772084958e+03
4.013168779186123913e+00 1.850898134709705346e+03
4.013175450300200175e+00 1.561660591601491888e+03
4.013182121414275549e+00 1.115314984681188662e+03
4.013188792528351811e+00 5.540968424551818998e+02
4.013195463642428074e+00 7.107915452788354571e+01
4.013202134756504336e+00 6.917414245726289437e+02
4.013208805870579710e+00 1.253636366052812264e+03
4.013215476984655972e+00 1.698692698196518450e+03
4.013222148098732234e+00 1.981654447206639134e+03
4.013228819212808496e+00 2.072729121587235568e+03
4.013235490326883870e+00 1.960664212858294604e+03
4.013242161440960132e+00 1.654069847802058575e+03
4.013248832555036394e+00 1.180815122086002248e+03
4.013255503669112656e+00 5.855751714259938581e+02
4.013262174783188918e+00 7.727376405173026797e+01
4.013268845897264292e+00 7.362990319977890294e+02
4.013275517011340554e+00 1.332828787487572299e+03
4.013282188125416816e+00 1.805475322474636869e+03
4.013288859239493078e+00 2.106090603670576002e+03
4.013295530353568452e+00 2.202900866230531847e+03
4.013302201467644714e+00 2.083802832776581454e+03
4.013308872581720976e+00 1.757797475760461793e+03
4.013315543695797238e+00 1.254377030247176208e+03
4.013322214809872612e+00 6.209379773083109058e+02
4.013328885923948874e+00 8.431292550907627970e+01
4.013335557038025136e+00 7.864896539488580629e+02
4.013342228152101399e+00 1.422067534748478693e+03
4.013348899266176772e+00 1.925875374950175001e+03
4.013355570380253035e+00 2.246486159466945082e+03
4.013362241494329297e+00 2.349866070220380607e+03
4.013368912608405559e+00 2.222921988448651518e+03
4.013375583722480933e+00 1.875065336860800471e+03
4.013382254836557195e+00 1.337593744596370925e+03
4.013388925950633457e+00 6.609579742197695396e+02
4.013395597064709719e+00 9.236201235531764553e+01
4.013402268178785981e+00 8.434485315827073464e+02
4.013408939292861355e+00 1.523391236974120147e+03
4.013415610406937617e+00 2.062675072967503638e+03
4.013422281521013879e+00 2.406124257192057939e+03
4.013428952635090141e+00 2.517103365607218166e+03
4.013435623749165515e+00 2.381354982909327191e+03
4.013442294863241777e+00 2.008717540443831922e+03
4.013448965977318039e+00 1.432507587625460701e+03
4.013455637091394301e+00 7.066273560898579262e+02
4.013462308205469675e+00 1.016339641929249353e+02
4.013468979319545937e+00 9.086380016007985887e+02
4.013475650433622199e+00 1.639430169067087036e+03
4.013482321547698461e+00 2.219469981278492924e+03
4.013488992661773835e+00 2.589254892220239981e+03
4.013495663775850097e+00 2.709123404843845492e+03
4.013502334889926360e+00 2.563431413463050831e+03
4.013509006004002622e+00 2.162454674940549921e+03
4.013515677118077996e+00 1.541780575499921724e+03
4.013522348232154258e+00 7.592416771363294856e+02
4.013529019346230520e+00 1.124075997126466575e+02
4.013535690460306782e+00 9.839744470733558046e+02
4.013542361574383044e+00 1.773637673387330778e+03
4.013549032688458418e+00 2.400989661934537708e+03
4.013555703802534680e+00 2.801479108980559431e+03
4.013562374916610942e+00 2.931882237537987749e+03
4.013569046030687204e+00 2.774879461360323148e+03
4.013575717144762578e+00 2.341182457191668618e+03
4.013582388258838840e+00 1.668948749215098815e+03
4.013589059372915102e+00 8.205253851891113754e+02
4.013595730486991364e+00 1.250550935966608250e+02
4.013602401601066738e+00 1.072019348854727696e+03
4.013609072715143000e+00 1.930639426505445044e+03
4.013615743829219262e+00 2.613583001998160398e+03
4.013622414943295524e+00 3.050332213749634775e+03
4.013629086057370898e+00 3.193410684970780949e+03
4.013635757171447160e+00 3.023440232158508934e+03
4.013642428285523422e+00 2.551545787345471126e+03
4.013649099399599685e+00 1.818812964024171606e+03
4.013655770513675058e+00 8.928253177981320050e+02
4.013662441627751321e+00 1.400844636416224489e+02
4.013669112741827583e+00 1.176275669546064591e+03
4.013675783855903845e+00 2.116777052292378812e+03
4.013682454969980107e+00 2.865976124716539289e+03
4.013689126084055481e+00 3.346197644967680844e+03
4.013695797198131743e+00 3.504803947063549458e+03
4.013702468312208005e+00 3.319837110184595531e+03
4.013709139426284267e+00 2.802774424978004845e+03
4.013715810540359641e+00 1.998059943668599999e+03
4.013722481654435903e+00 9.794193398190491280e+02
4.013729152768512165e+00 1.582075923659904504e+02
4.013735823882588427e+00 1.301664176548230898e+03
4.013742494996663801e+00 2.340985142799548612e+03
4.013749166110740063e+00 3.170499945183524687e+03
4.013755837224816325e+00 3.703793036740657044e+03
4.013762508338892587e+00 3.881837357486312158e+03
4.013769179452967961e+00 3.679364984300564174e+03
4.013775850567044223e+00 3.108075271732539022e+03
4.013782521681120485e+00 2.216289126897095230e+03
4.013789192795196747e+00 1.085028866517798406e+03
4.013795863909272121e+00 1.804536800522956810e+02
4.013802535023348383e+00 1.455321502758952420e+03
4.013809206137424646e+00 2.616267421174512037e+03
4.013815877251500908e+00 3.545165992572972300e+03
4.013822548365577170e+00 4.144695148090769180e+03
4.013829219479652544e+00 4.347724983509229787e+03
4.013835890593728806e+00 4.124616962114513626e+03
4.013842561707805068e+00 3.487033213714795693e+03
4.013849232821881330e+00 2.487792446198762718e+03
4.013855903935956704e+00 1.216711838769762153e+03
4.013862575050032966e+00 2.083679740477835480e+02
4.013869246164109228e+00 1.648005653228773099e+03
4.013875917278185490e+00 2.962310920041049030e+03
4.013882588392260864e+00 4.017363374596581252e+03
4.013889259506337126e+00 4.701862676928340079e+03
4.013895930620413388e+00 4.938090176575512487e+03
4.013902601734489650e+00 4.690427083604778090e+03
4.013909272848565024e+00 3.969989917191823224e+03
4.013915943962641286e+00 2.834820803612136388e+03
4.013922615076717548e+00 1.385512157036464941e+03
4.013929286190793810e+00 2.443812527573716977e+02
4.013935957304869184e+00 1.896726741167999990e+03
4.013942628418945446e+00 3.410412637108804574e+03
4.013949299533021708e+00 4.630874976723819600e+03
4.013955970647097971e+00 5.428281462938803088e+03
4.013962641761174233e+00 5.710536492092665867e+03
4.013969312875249607e+00 5.433459309890711666e+03
4.013975983989325869e+00 4.606604318229791716e+03
4.013982655103402131e+00 3.294020442699703381e+03
4.013989326217478393e+00 1.609736097964700548e+03
4.013995997331553767e+00 2.925498605341095413e+02
4.014002668445630029e+00 2.230060871822216541e+03
4.014009339559706291e+00 4.013517884295337808e+03
4.014016010673782553e+00 5.460301476306613949e+03
4.014022681787857927e+00 6.414900933223912034e+03
4.014029352901934189e+00 6.764692354570380303e+03
4.014036024016010451e+00 6.452484975989784289e+03
4.014042695130086713e+00 5.484135774235465760e+03
4.014049366244162087e+00 3.930320543790287957e+03
4.014056037358238349e+00 1.922096374451671863e+03
4.014062708472314611e+00 3.601868470388013748e+02
4.014069379586390873e+00 2.699993731978089727e+03
4.014076050700466247e+00 4.868851677889010716e+03
4.014082721814542509e+00 6.643966602161324772e+03
4.014089392928618771e+00 7.832053686836013185e+03
4.014096064042695033e+00 8.289084449681520709e+03
4.014102735156771296e+00 7.936419790414095587e+03
4.014109406270846669e+00 6.771341004854170933e+03
4.014116077384922932e+00 4.870741785591483676e+03
4.014122748498999194e+00 2.387354944561801403e+03
4.014129419613075456e+00 4.619503804130356457e+02
4.014136090727150830e+00 3.412065770890106705e+03
4.014142761841227092e+00 6.176446325564476865e+03
4.014149432955303354e+00 8.470431390382025711e+03
4.014156104069379616e+00 1.004023899985613934e+04
4.014162775183454990e+00 1.068876218734611393e+04
4.014169446297531252e+00 1.029756286896696838e+04
4.014176117411607514e+00 8.842601669165536805e+03
4.014182788525683776e+00 6.401938406196136384e+03
4.014189459639759150e+00 3.154303646755087357e+03
4.014196130753835412e+00 6.321561255802293999e+02
4.014202801867911674e+00 4.618258706594738214e+03
4.014209472981987936e+00 8.423860144726653743e+03
4.014216144096063310e+00 1.165849445097257012e+04
4.014222815210139572e+00 1.395826244154395681e+04
4.014229486324215834e+00 1.502134200612409586e+04
4.014236157438292096e+00 1.464033687266027664e+04
4.014242828552368358e+00 1.272830187599397323e+04
4.014249499666443732e+00 9.335859475160215879e+03
4.014256170780519994e+00 4.657486919460078752e+03
4.014262841894596257e+00 9.743470511481348240e+02
4.014269513008672519e+00 7.105886440685370872e+03
4.014276184122747893e+00 1.319256339169002058e+04
4.014282855236824155e+00 1.863552546328868630e+04
4.014289526350900417e+00 2.282689524731390702e+04
4.014296197464976679e+00 2.519745308517970625e+04
4.014302868579052053e+00 2.526389252961732927e+04
4.014309539693128315e+00 2.267173160056973211e+04
4.014316210807204577e+00 1.723029317923839335e+04
4.014322881921280839e+00 8.936701683444225637e+03
4.014329553035356213e+00 2.013485231675001387e+03
4.014336224149432475e+00 1.522958565550536878e+04
4.014342895263508737e+00 3.014505435584967927e+04
4.014349566377584999e+00 4.604885117880763573e+04
4.014356237491660373e+00 6.212942922219156753e+04
4.014362908605736635e+00 7.752686923772217415e+04
4.014369579719812897e+00 9.138982615780275955e+04
4.014376250833889159e+00 1.029330530495583953e+05
4.014382921947965421e+00 1.114912165436002542e+05
4.014389593062040795e+00 1.165649572687406180e+05
4.014396264176117057e+00 1.178557088786032255e+05
4.014402935290193319e+00 1.152866273795399611e+05
4.014409606404269582e+00 1.090080327596371790e+05
4.014416277518344955e+00 9.938694349417743797e+04
4.014422948632421217e+00 8.698149711441968975e+04
4.014429619746497480e+00 7.250219942851304950e+04
4.014436290860573742e+00 5.676293908657797147e+04
4.014442961974649116e+00 4.062546393248211825e+04
4.014449633088725378e+00 2.494148126210252667e+04
4.014456304202801640e+00 1.049668210112566885e+04
4.014462975316877902e+00 2.039329013693554771e+03
4.014469646430953276e+00 1.215296648940277009e+04
4.014476317545029538e+00 1.951544390588946044e+04
4.014482988659105800e+00 2.399594719441713460e+04
4.014489659773182062e+00 2.566100444370822152e+04
4.014496330887257436e+00 2.475922028647815023e+04
4.014503002001333698e+00 2.169337142899431274e+04
4.014509673115409960e+00 1.698236302804711522e+04
4.014516344229486222e+00 1.121631067334640829e+04
4.014523015343562484e+00 5.008460523851495054e+03
4.014529686457637858e+00 1.052433169197576035e+03
4.014536357571714120e+00 6.444323823919663482e+03
4.014543028685790382e+00 1.074892188056228042e+04
4.014549699799866644e+00 1.367589075324695477e+04
4.014556370913942018e+00 1.507736458197064348e+04
4.014563042028018280e+00 1.494960766299322677e+04
4.014569713142094542e+00 1.342300481966868938e+04
4.014576384256170805e+00 1.074166663092141789e+04
4.014583055370246178e+00 7.234819910446201902e+03
4.014589726484322441e+00 3.282755184031571389e+03
4.014596397598398703e+00 7.198902974140472679e+02
4.014603068712474965e+00 4.398456238019747616e+03
4.014609739826550339e+00 7.432235889349956778e+03
4.014616410940626601e+00 9.577985487317278967e+03
4.014623082054702863e+00 1.068801420614320705e+04
4.014629753168779125e+00 1.071799111107334465e+04
4.014636424282854499e+00 9.725325293633177353e+03
4.014643095396930761e+00 7.858582102003010732e+03
4.014649766511007023e+00 5.339278838765657383e+03
4.014656437625083285e+00 2.438026795282989042e+03
4.014663108739159547e+00 5.530328036803539362e+02
4.014669779853234921e+00 3.346475820785232372e+03
4.014676450967311183e+00 5.688516158509661182e+03
4.014683122081387445e+00 7.378483858007295566e+03
4.014689793195463707e+00 8.286013091606286252e+03
4.014696464309539081e+00 8.359860721048089545e+03
4.014703135423615343e+00 7.629250853212402944e+03
4.014709806537691605e+00 6.197764701724735460e+03
4.014716477651767867e+00 4.230622461268018014e+03
4.014723148765843241e+00 1.936788039506830046e+03
4.014729819879919503e+00 4.527876520663060660e+02
4.014736490993995766e+00 2.705706882857391520e+03
4.014743162108072028e+00 4.613272417072874305e+03
4.014749833222147402e+00 6.006292207266197693e+03
4.014756504336223664e+00 6.770782419487778498e+03
4.014763175450299926e+00 6.856499562043141850e+03
4.014769846564376188e+00 6.279405134794830701e+03
4.014776517678451562e+00 5.117850771098311270e+03
4.014783188792527824e+00 3.503044697976614771e+03
4.014789859906604086e+00 1.604890953327182388e+03
4.014796531020680348e+00 3.859419116685625681e+02
4.014803202134756610e+00 2.274482243026393007e+03
4.014809873248831984e+00 3.883942732118431650e+03
4.014816544362908246e+00 5.068525423429036891e+03
4.014823215476984508e+00 5.727762151809284660e+03
4.014829886591060770e+00 5.814439548196505712e+03
4.014836557705136144e+00 5.337474701612817626e+03
4.014843228819212406e+00 4.359400235745978534e+03
4.014849899933288668e+00 2.988846882231714972e+03
4.014856571047364930e+00 1.368891980521450478e+03
4.014863242161440304e+00 3.382150769488285960e+02
4.014869913275516566e+00 1.964475568490971455e+03
4.014876584389592828e+00 3.356739336152039868e+03
4.014883255503669091e+00 4.387072057597159073e+03
4.014889926617744464e+00 4.965959311183418322e+03
4.014896597731820727e+00 5.049582265944857681e+03
4.014903268845896989e+00 4.642803904281415271e+03
4.014909939959973251e+00 3.797446816525507529e+03
4.014916611074048625e+00 2.606140513631398335e+03
4.014923282188124887e+00 1.192453419723397474e+03
4.014929953302201149e+00 3.024516721484321238e+02
4.014936624416277411e+00 1.730886082722031915e+03
4.014943295530353673e+00 2.957868076366745754e+03
4.014949966644429047e+00 3.869480060119089103e+03
4.014956637758505309e+00 4.385144179103027454e+03
4.014963308872581571e+00 4.464288961567454862e+03
4.014969979986657833e+00 4.109311558447968309e+03
4.014976651100733207e+00 3.364366670822812011e+03
4.014983322214809469e+00 2.310186553835143968e+03
4.014989993328885731e+00 1.055537632828753203e+03
4.014996664442961993e+00 2.746704409624782670e+02
4.015003335557037367e+00 1.548568523236015153e+03
4.015010006671113629e+00 2.645559366477646563e+03
4.015016677785189891e+00 3.462988325697527671e+03
4.015023348899266153e+00 3.927660111074894758e+03
4.015030020013341527e+00 4.001957665609463220e+03
4.015036691127417789e+00 3.686719517102267673e+03
4.015043362241494052e+00 3.020372734801353545e+03
4.015050033355570314e+00 2.074474815757292617e+03
4.015056704469645688e+00 9.461889622003357090e+02
4.015063375583721950e+00 2.524799561557166783e+02
4.015070046697798212e+00 1.402319226777791073e+03
4.015076717811874474e+00 2.394396286649689046e+03
4.015083388925950736e+00 3.135291353072476340e+03
4.015090060040026110e+00 3.557989494723182816e+03
4.015096731154102372e+00 3.627513813058404594e+03
4.015103402268178634e+00 3.343691794027719425e+03
4.015110073382254896e+00 2.740527751971849284e+03
4.015116744496330270e+00 1.882298093973445702e+03
4.015123415610406532e+00 8.568322387253909937e+02
4.015130086724482794e+00 2.343570938724789414e+02
4.015136757838559056e+00 1.282404856121779403e+03
4.015143428952634430e+00 2.188025475485342668e+03
4.015150100066710692e+00 2.865501843954213200e+03
4.015156771180786954e+00 3.253058270856739910e+03
4.015163442294863216e+00 3.318064475178150133e+03
4.015170113408938590e+00 3.059681923323256797e+03
4.015176784523014852e+00 2.508407513413472770e+03
4.015183455637091114e+00 1.722604402102007953e+03
4.015190126751167377e+00 7.824348961831584575e+02
4.015196797865242750e+00 2.192857532770028683e+02
4.015203468979319013e+00 1.182305142623978099e+03
4.015210140093395275e+00 2.015447785149727451e+03
4.015216811207471537e+00 2.639515636423729575e+03
4.015223482321547799e+00 2.997225319098089585e+03
4.015230153435623173e+00 3.058032397975903677e+03
4.015236824549699435e+00 2.820657238174518170e+03
4.015243495663775697e+00 2.312753795220406573e+03
4.015250166777851959e+00 1.587790866998622505e+03
4.015256837891927333e+00 7.195227775108216974e+02
4.015263509006003595e+00 2.065621033748598450e+02
4.015270180120079857e+00 1.097488132040140954e+03
4.015276851234156119e+00 1.868992807614163667e+03
4.015283522348231493e+00 2.447464945456214082e+03
4.015290193462307755e+00 2.779512527414224223e+03
4.015296864576384017e+00 2.836449939420776900e+03
4.015303535690460279e+00 2.616707115459895249e+03
4.015310206804535653e+00 2.145591326409530666e+03
4.015316877918611915e+00 1.472455604692335328e+03
4.015323549032688177e+00 6.656202487847353950e+02
4.015330220146764439e+00 1.956831912080630218e+02
4.015336891260839813e+00 1.024705966259740990e+03
4.015343562374916075e+00 1.743148201239286209e+03
4.015350233488992338e+00 2.282238891672235695e+03
4.015356904603068600e+00 2.591987623000036820e+03
4.015363575717144862e+00 2.645371430728428550e+03
4.015370246831220236e+00 2.440632977588451467e+03
4.015376917945296498e+00 2.001112442059940349e+03
4.015383589059372760e+00 1.372655005432021881e+03
4.015390260173449022e+00 6.189155103902417068e+02
4.015396931287524396e+00 1.862800572581993777e+02
4.015403602401600658e+00 9.615701704627637127e+02
4.015410273515676920e+00 1.633850602319823565e+03
4.015416944629753182e+00 2.138583562599926154e+03
4.015423615743828556e+00 2.428776366075416263e+03
4.015430286857904818e+00 2.478899426346997188e+03
4.015436957971981080e+00 2.287080003797252175e+03
4.015443629086057342e+00 1.874987518667279801e+03
4.015450300200132716e+00 1.285442756899060896e+03
4.015456971314208978e+00 5.780520698887659137e+02
4.015463642428285240e+00 1.780759059133524431e+02
4.015470313542361502e+00 9.062850477720414801e+02
4.015476984656436876e+00 1.538038883866578090e+03
4.015483655770513138e+00 2.012532991346767403e+03
4.015490326884589400e+00 2.285435758120456740e+03
4.015496997998665663e+00 2.332564676369835070e+03
4.015503669112741925e+00 2.151982356651561986e+03
4.015510340226817299e+00 1.763922901667764108e+03
4.015517011340893561e+00 1.208573332104433803e+03
4.015523682454969823e+00 5.419941719986386488e+02
4.015530353569046085e+00 1.708590233978688957e+02
4.015537024683121459e+00 8.574745267613324131e+02
4.015543695797197721e+00 1.453363098646866320e+03
4.015550366911273983e+00 1.901037287715938874e+03
4.015557038025350245e+00 2.158543171476402222e+03
4.015563709139425619e+00 2.202918471132034028e+03
4.015570380253501881e+00 2.032197350825805870e+03
4.015577051367578143e+00 1.665368542591416372e+03
4.015583722481654405e+00 1.140305330253449938e+03
4.015590393595729779e+00 5.099372939301280780e+02
4.015597064709806041e+00 1.644647156478287968e+02
4.015603735823882303e+00 8.140663531413495093e+02
4.015610406937958565e+00 1.377989284588370083e+03
4.015617078052033939e+00 1.801712578610270384e+03
4.015623749166110201e+00 2.045419333577412317e+03
4.015630420280186463e+00 2.087257075647096826e+03
4.015637091394262725e+00 1.925257523002521566e+03
4.015643762508338988e+00 1.577319356992723897e+03
4.015650433622414361e+00 1.079267522644966903e+03
4.015657104736490624e+00 4.812470278139218749e+02
4.015663775850566886e+00 1.587629449294402377e+02
4.015670446964643148e+00 7.752126273714092122e+02
4.015677118078718522e+00 1.310465213674550569e+03
4.015683789192794784e+00 1.712668618709353950e+03
4.015690460306871046e+00 1.943936910286929788e+03
4.015697131420947308e+00 1.983430878728024709e+03
4.015703802535022682e+00 1.829198532595585903e+03
4.015710473649098944e+00 1.498177029091133818e+03
4.015717144763175206e+00 1.024365456100580104e+03
4.015723815877251468e+00 4.554163752967810410e+02
4.015730486991326842e+00 1.536496713973235160e+02
4.015737158105403104e+00 7.402340429911561159e+02
4.015743829219479366e+00 1.249625983909180604e+03
4.015750500333555628e+00 1.632387309820259361e+03
4.015757171447631002e+00 1.852385340654250740e+03
4.015763842561707264e+00 1.889709354084903225e+03
4.015770513675783526e+00 1.742437146118186092e+03
4.015777184789859788e+00 1.426651839819452562e+03
4.015783855903936050e+00 9.747149754908618888e+02
4.015790527018011424e+00 4.320352920784143862e+02
4.015797198132087686e+00 1.490406680089550662e+02
4.015803869246163949e+00 7.085799684264194411e+02
4.015810540360240211e+00 1.194526308539444926e+03
4.015817211474315584e+00 1.559635412990020768e+03
4.015823882588391847e+00 1.769373538321987780e+03
4.015830553702468109e+00 1.804683676608138057e+03
4.015837224816544371e+00 1.663683088360973215e+03
4.015843895930619745e+00 1.361691618315908954e+03
4.015850567044696007e+00 9.295940279753571076e+02
4.015857238158772269e+00 4.107685691085425219e+02
4.015863909272848531e+00 1.448670196425994448e+02
4.015870580386923905e+00 6.797993570458431805e+02
4.015877251501000167e+00 1.144391091301238930e+03
4.015883922615076429e+00 1.493400728079006967e+03
4.015890593729152691e+00 1.693758634804162284e+03
4.015897264843228065e+00 1.727195287803182509e+03
4.015903935957304327e+00 1.591874277788321024e+03
4.015910607071380589e+00 1.302429457651019447e+03
4.015917278185456851e+00 8.884071412098786595e+02
4.015923949299533113e+00 3.913395058527108290e+02
4.015930620413608487e+00 1.410717964290649604e+02
4.015937291527684749e+00 6.535192086381243826e+02
4.015943962641761011e+00 1.098578774955526342e+03
4.015950633755837273e+00 1.432844695229324770e+03
4.015957304869912647e+00 1.624592980464538869e+03
4.015963975983988909e+00 1.656282686504833237e+03
4.015970647098065172e+00 1.526128515511144315e+03
4.015977318212141434e+00 1.248144658345081098e+03
4.015983989326216808e+00 8.506588499466427038e+02
4.015990660440293070e+00 3.735176785542125799e+02
4.015997331554369332e+00 1.376075582304623879e+02
4.016004002668445594e+00 6.294283881519921806e+02
4.016010673782520968e+00 1.056553769678960407e+03
4.016017344896597230e+00 1.377266691804721177e+03
4.016024016010673492e+00 1.561084168878531500e+03
4.016030687124749754e+00 1.591141241279123733e+03
4.016037358238825128e+00 1.465706949517790235e+03
4.016044029352901390e+00 1.198233152124823391e+03
4.016050700466977652e+00 8.159335472753512022e+02
4.016057371581053914e+00 3.571096538610722746e+02
4.016064042695130176e+00 1.344344569380121754e+02
4.016070713809205550e+00 6.072653107988031707e+02
4.016077384923281812e+00 1.017865442619958458e+03
4.016084056037358074e+00 1.326076790713999117e+03
4.016090727151434336e+00 1.502564497711192189e+03
4.016097398265509710e+00 1.531092452418492257e+03
4.016104069379585972e+00 1.409986095801502415e+03
4.016110740493662234e+00 1.152184826051134451e+03
4.016117411607738497e+00 7.838800184772678676e+02
4.016124082721813870e+00 3.419518531224293270e+02
4.016130753835890133e+00 1.315187771553026721e+02
4.016137424949966395e+00 5.868084557128803453e+02
4.016144096064042657e+00 9.821319149333789937e+02
4.016150767178118031e+00 1.278774729086110710e+03
4.016157438292194293e+00 1.448467365971686831e+03
4.016164109406270555e+00 1.475560168871174483e+03
4.016170780520346817e+00 1.358436166843473302e+03
4.016177451634422191e+00 1.109565939555838668e+03
4.016184122748498453e+00 7.541994353783960605e+02
4.016190793862574715e+00 3.279050061110169736e+02
4.016197464976650977e+00 1.288318010288218147e+02
4.016204136090727239e+00 5.678689788345857323e+02
4.016210807204802613e+00 9.490274313408320950e+02
4.016217478318878875e+00 1.234933496902952811e+03
4.016224149432955137e+00 1.398308836406975388e+03
4.016230820547031399e+00 1.424051991084435940e+03
4.016237491661106773e+00 1.310604108109344907e+03
4.016244162775183035e+00 1.070005346972684720e+03
4.016250833889259297e+00 7.266359399457421659e+02
4.016257505003335559e+00 3.148497978744875354e+02
4.016264176117410933e+00 1.263489154533449295e+02
4.016270847231487195e+00 5.502849019288421459e+02
4.016277518345563458e+00 9.182724153562063520e+02
4.016284189459639720e+00 1.194186402387136923e+03
4.016290860573715094e+00 1.351673090790099423e+03
4.016297531687791356e+00 1.376144586579676798e+03
4.016304202801867618e+00 1.266100191137021739e+03
4.016310873915943880e+00 1.033183599357704452e+03
4.016317545030019254e+00 7.009691887471091150e+02
4.016324216144095516e+00 3.026834181067155782e+02
4.016330887258171778e+00 1.240489050116041625e+02
4.016337558372248040e+00 5.339164993883821353e+02
4.016344229486324302e+00 8.896255663015160735e+02
4.016350900600399676e+00 1.156216784939147601e+03
4.016357571714475938e+00 1.308200851920497826e+03
4.016364242828552200e+00 1.331471990483336867e+03
4.016370913942628462e+00 1.224587322971518688e+03
4.016377585056703836e+00 9.988242462438810207e+02
4.016384256170780098e+00 6.770083975503736156e+02
4.016390927284856360e+00 2.913168025432353829e+02
4.016397598398932622e+00 1.219133852069371642e+02
4.016404269513007996e+00 5.186426037443017094e+02
4.016410940627084258e+00 8.628775259952841452e+02
4.016417611741160520e+00 1.120749763947547535e+03
4.016424282855236783e+00 1.267580089249774346e+03
4.016430953969312156e+00 1.289716206332201864e+03
4.016437625083388419e+00 1.185772450315525248e+03
4.016444296197464681e+00 9.666868363997584765e+02
4.016450967311540943e+00 6.545875453776460517e+02
4.016457638425616317e+00 2.806724104051486961e+02
4.016464309539692579e+00 1.199263460461135082e+02
4.016470980653768841e+00 5.043576237190849838e+02
4.016477651767845103e+00 8.378457627401041918e+02
4.016484322881921365e+00 1.087545568123992098e+03
4.016490993995996739e+00 1.229538499735189362e+03
4.016497665110073001e+00 1.250599596146768135e+03
4.016504336224149263e+00 1.149399594948242111e+03
4.016511007338225525e+00 9.365612430890012092e+02
4.016517678452300899e+00 6.335614831633455424e+02
4.016524349566377161e+00 2.706824186431544490e+02
4.016531020680453423e+00 1.180737811663426413e+02
4.016537691794529685e+00 4.909691193434464367e+02
4.016544362908605059e+00 8.143704075902600152e+02
4.016551034022681321e+00 1.056394103621606291e+03
4.016557705136757583e+00 1.193837380260677037e+03
4.016564376250833845e+00 1.213878674761730053e+03
4.016571047364909219e+00 1.115244170539160905e+03
4.016577718478985481e+00 9.082630294896383703e+02
4.016584389593061744e+00 6.138027534190807728e+02
4.016591060707138006e+00 2.612872463117944903e+02
4.016597731821213380e+00 1.163433837537812394e+02
4.016604402935289642e+00 4.783958162365944418e+02
4.016611074049365904e+00 7.923108434371198427e+02
4.016617745163442166e+00 1.027110500349827589e+03
4.016624416277518428e+00 1.160266600316188942e+03
4.016631087391593802e+00 1.179339014983483139e+03
4.016637758505670064e+00 1.083108313423861318e+03
4.016644429619746326e+00 8.816296391858232937e+02
4.016651100733822588e+00 5.951989748112373491e+02
4.016657771847897962e+00 2.524343393442182730e+02
4.016664442961974224e+00 1.147242970193414351e+02
4.016671114076050486e+00 4.665659695395984272e+02
4.016677785190126748e+00 7.715428914931654845e+02
4.016684456304202122e+00 9.995314366713373602e+02
4.016691127418278384e+00 1.128640451040732387e+03
4.016697798532354646e+00 1.146791038370626211e+03
4.016704469646430908e+00 1.052817023036339606e+03
4.016711140760506282e+00 8.565172449107208195e+02
4.016717811874582544e+00 5.776506769632584337e+02
4.016724482988658806e+00 2.440771641649127162e+02
4.016731154102735069e+00 1.132069065342849683e+02
4.016737825216810442e+00 4.554160067154992930e+02
4.016744496330886705e+00 7.519564775813513506e+02
4.016751167444962967e+00 9.735120889296338191e+02
4.016757838559039229e+00 1.098794197571894301e+03
4.016764509673115491e+00 1.116066517136850280e+03
4.016771180787190865e+00 1.024214952271636093e+03
4.016777851901267127e+00 8.327981266507961209e+02
4.016784523015343389e+00 5.610694979482759663e+02
4.016791194129419651e+00 2.361743699193191048e+02
4.016797865243495025e+00 1.117826679227606803e+02
4.016804536357571287e+00 4.448893964722370242e+02
4.016811207471647549e+00 7.334536850357374078e+02
4.016817878585723811e+00 9.489235845306955071e+02
4.016824549699799185e+00 1.070581199290086488e+03
4.016831220813875447e+00 1.087015650768881187e+03
4.016837891927951709e+00 9.971637237866950727e+02
4.016844563042027971e+00 8.103584783143242021e+02
4.016851234156103345e+00 5.453766760523679977e+02
4.016857905270179607e+00 2.286890863837160452e+02
4.016864576384255869e+00 1.104439620634300923e+02
4.016871247498332131e+00 4.349357001287111189e+02
4.016877918612407505e+00 7.159471210805810415e+02
4.016884589726483767e+00 9.256508647880820035e+02
4.016891260840560030e+00 1.043870491972600803e+03
4.016897931954636292e+00 1.059504610156071294e+03
4.016904603068712554e+00 9.715396745420466686e+02
4.016911274182787928e+00 7.890965630941635709e+02
4.016917945296864190e+00 5.305017800821857463e+02
4.016924616410940452e+00 2.215883329516986180e+02
4.016931287525016714e+00 1.091839731974607446e+02
4.016937958639092088e+00 4.255097723217767225e+02
4.016944629753168350e+00 6.993585403063973445e+02
4.016951300867244612e+00 9.035908824373814241e+02
4.016957971981320874e+00 1.018544747479795774e+03
4.016964643095396248e+00 1.033413464356974600e+03
4.016971314209472510e+00 9.472319505915314721e+02
4.016977985323548772e+00 7.689211549102436720e+02
4.016984656437625034e+00 5.163816366588342817e+02
4.016991327551700408e+00 2.148425192890555024e+02
4.016997998665776670e+00 1.079965860067776475e+02
4.017004669779852932e+00 4.165710846599848765e+02
4.017011340893929194e+00 6.836176781396765136e+02
4.017018012008004568e+00 8.826510739447045353e+02
4.017024683122080830e+00 9.944985440246401822e+02
4.017031354236157092e+00 1.008634422044968687e+03
4.017038025350233355e+00 9.241408903980973264e+02
4.017044696464309617e+00 7.497502151634359961e+02
4.017051367578384991e+00 5.029594186716980175e+02
4.017058038692461253e+00 2.084250202507595020e+02
4.017064709806537515e+00 1.068762979112944151e+02
4.017071380920613777e+00 4.080831499883531137e+02
4.017078052034689151e+00 6.686612587510760477e+02
4.017084723148765413e+00 8.627480595589889845e+02
4.017091394262841675e+00 9.716368933049374164e+02
4.017098065376917937e+00 9.850703334792938222e+02
4.017104736490993311e+00 9.021766472063683295e+02
4.017111407605069573e+00 7.315097646183565985e+02
4.017118078719145835e+00 4.901838677555829236e+02
4.017124749833222097e+00 2.023118139160700366e+02
4.017131420947297471e+00 1.058181442824866707e+02
4.017138092061373733e+00 4.000130310755068308e+02
4.017144763175449995e+00 6.544321473565714768e+02
4.017151434289526257e+00 8.438065317408209012e+02
4.017158105403601631e+00 9.498739808589147060e+02
4.017164776517677893e+00 9.626334088923391619e+02
4.017171447631754155e+00 8.812580096871771502e+02
4.017178118745830417e+00 7.141329172736378723e+02
4.017184789859906680e+00 4.780086286971068716e+02
4.017191460973982053e+00 1.964811709059606244e+02
4.017198132088058316e+00 1.048176343553638077e+02
4.017204803202134578e+00 3.923309193207085173e+02
4.017211474316210840e+00 6.408786226897740335e+02
4.017218145430286214e+00 8.257583015228087788e+02
4.017224816544362476e+00 9.291320847603673201e+02
4.017231487658438738e+00 9.412441177430264361e+02
4.017238158772515000e+00 8.613113889591523957e+02
4.017244829886590374e+00 6.975590503398302644e+02
4.017251501000666636e+00 4.663916767469997922e+02
4.017258172114742898e+00 1.909133871726539269e+02
4.017264843228819160e+00 1.038706960906530270e+02
4.017271514342894534e+00 3.850097716276513324e+02
4.017278185456970796e+00 6.279537507867762542e+02
4.017284856571047058e+00 8.085414767842154333e+02
4.017291527685123320e+00 9.093406436043461554e+02
4.017298198799198694e+00 9.208302397980942260e+02
4.017304869913274956e+00 8.422699446840772453e+02
4.017311541027351218e+00 6.817330876534915660e+02
4.017318212141427480e+00 4.552948233282435808e+02
4.017324883255503742e+00 1.855905537195856425e+02
4.017331554369579116e+00 1.029736284493657763e+02
4.017338225483655378e+00 3.780249973220330162e+02
4.017344896597731640e+00 6.156148437537773361e+02
4.017351567711807903e+00 7.920997518136194913e+02
4.017358238825883276e+00 8.904354504840116533e+02
4.017364909939959539e+00 9.013260440210758588e+02
4.017371581054035801e+00 8.240728288397859842e+02
4.017378252168112063e+00 6.666048797121114831e+02
4.017384923282187437e+00 4.446832883566725627e+02
4.017391594396263699e+00 1.804963565409682360e+02
4.017398265510339961e+00 1.021230602577287101e+02
4.017404936624416223e+00 3.713541860664550427e+02
4.017411607738491597e+00 6.038229900055066537e+02
4.017418278852567859e+00 7.763817909238287029e+02
4.017424949966644121e+00 8.723579534436951235e+02
4.017431621080720383e+00 8.826715757823268405e+02
4.017438292194795757e+00 8.066645289576140385e+02
4.017444963308872019e+00 6.521286647573778055e+02
4.017451634422948281e+00 4.345253279414063172e+02
4.017458305537024543e+00 1.756159030345843917e+02
4.017464976651099917e+00 1.013159142212011261e+02
4.017471647765176179e+00 3.649768715779202353e+02
4.017478318879252441e+00 5.925426459837384527e+02
4.017484989993328703e+00 7.613406919798509307e+02
4.017491661107404965e+00 8.550546462777040233e+02
4.017498332221480339e+00 8.648120359462584474e+02
4.017505003335556601e+00 7.899942957130273271e+02
4.017511674449632864e+00 6.382625990714474256e+02
4.017518345563709126e+00 4.247919104048285703e+02
4.017525016677784500e+00 1.709355706205467413e+02
4.017531687791860762e+00 1.005493756278736726e+02
4.017538358905937024e+00 3.588743254666167104e+02
4.017545030020013286e+00 5.817412792867633016e+02
4.017551701134088660e+00 7.469335178735009322e+02
4.017558372248164922e+00 8.384765365072452141e+02
4.017565043362241184e+00 8.476972383773886577e+02
4.017571714476317446e+00 7.740156429635130735e+02
4.017578385590392820e+00 6.249683466511870620e+02
4.017585056704469082e+00 4.154564325579539741e+02
4.017591727818545344e+00 1.664428739889745543e+02
4.017598398932621606e+00 9.982086500883882252e+01
4.017605070046696980e+00 3.530293763429716023e+02
4.017611741160773242e+00 5.713890565043315064e+02
4.017618412274849504e+00 7.331208862122610981e+02
4.017625083388925766e+00 8.225786792670485283e+02
4.017631754503002028e+00 8.312811345665380713e+02
4.017638425617077402e+00 7.586859091528870067e+02
4.017645096731153664e+00 6.122107189494040540e+02
4.017651767845229926e+00 4.064944708564952975e+02
4.017658438959306189e+00 1.621263491609829259e+02
4.017665110073381562e+00 9.912801396017931665e+01
4.017671781187457825e+00 3.474262516375654855e+02
4.017678452301534087e+00 5.614585691264296656e+02
4.017685123415610349e+00 7.198666089394216669e+02
4.017691794529685723e+00 8.073197677181922245e+02
4.017698465643761985e+00 8.155213958229628588e+02
4.017705136757838247e+00 7.439658719691848319e+02
4.017711807871914509e+00 5.999573585528968351e+02
4.017718478985989883e+00 3.978835629029320557e+02
4.017725150100066145e+00 1.579754509682273920e+02
4.017731821214142407e+00 9.846864425152104161e+01
4.017738492328218669e+00 3.420504377776469482e+02
4.017745163442294043e+00 5.519245918747419637e+02
4.017751834556370305e+00 7.071373748586170223e+02
4.017758505670446567e+00 7.926617723140988119e+02
4.017765176784522829e+00 8.003790450775429690e+02
4.017771847898599091e+00 7.298194085899312995e+02
4.017778519012674465e+00 5.881784599776395908e+02
4.017785190126750727e+00 3.896030141757190108e+02
4.017791861240826989e+00 1.539804629354007943e+02
4.017798532354903251e+00 9.784074888237729795e+01
4.017805203468978625e+00 3.368885571311623153e+02
4.017811874583054887e+00 5.427638698200757972e+02
4.017818545697131150e+00 6.949024694520157936e+02
4.017825216811207412e+00 7.785696220591776182e+02
4.017831887925282786e+00 7.858181316380118915e+02
4.017838559039359048e+00 7.162131954944503605e+02
4.017845230153435310e+00 5.768465228741212059e+02
4.017851901267511572e+00 3.816337277066060665e+02
4.017858572381586946e+00 1.501324174636236251e+02
4.017865243495663208e+00 9.724247570561728082e+01
4.017871914609739470e+00 3.319282591516284242e+02
4.017878585723815732e+00 5.339549294783914775e+02
4.017885256837891106e+00 6.831335265579945144e+02
4.017891927951967368e+00 7.650109223052809284e+02
4.017898599066043630e+00 7.718054430032015034e+02
4.017905270180119892e+00 7.031164423524464837e+02
4.017911941294196154e+00 5.659361335487915312e+02
4.017918612408271528e+00 3.739580527380700801e+02
4.017925283522347790e+00 1.464230250644773150e+02
4.017931954636424052e+00 9.667211292155617741e+01
4.017938625750500314e+00 3.271581234704546546e+02
4.017945296864575688e+00 5.254779116029735633e+02
4.017951967978651950e+00 6.718043082693311590e+02
4.017958639092728212e+00 7.519557042754265694e+02
4.017965310206804475e+00 7.583102490909534481e+02
4.017971981320879848e+00 6.905006559229083223e+02
4.017978652434956111e+00 5.554237706700032504e+02
4.017985323549032373e+00 3.665596502468939661e+02
4.017991994663108635e+00 1.428446115597818107e+02
4.017998665777184009e+00 9.612807577463087227e+01
4.018005336891260271e+00 3.225675740545183316e+02
4.018012008005336533e+00 5.173144222538045369e+02
4.018018679119412795e+00 6.608905089679197999e+02
4.018025350233488169e+00 7.393762020996646243e+02
4.018032021347564431e+00 7.453040745273304992e+02
4.018038692461640693e+00 6.783394296614131918e+02
4.018045363575716955e+00 5.452876322521948396e+02
4.018052034689793217e+00 3.594233735118956474e+02
4.018058705803868591e+00 1.393900619605379063e+02
4.018065376917944853e+00 9.560889530255778368e+01
4.018072048032021115e+00 3.181468027213905998e+02
4.018078719146097377e+00 5.094474000707534742e+02
4.018085390260172751e+00 6.503695806588362984e+02
4.018092061374249013e+00 7.272466541350298712e+02
4.018098732488325275e+00 7.327604955905218276e+02
4.018105403602401537e+00 6.666082561760097178e+02
4.018112074716476911e+00 5.355074815573219666e+02
4.018118745830553173e+00 3.525351612032419553e+02
4.018125416944629436e+00 1.360527705507662688e+02
4.018132088058705698e+00 9.511320770217736253e+01
4.018138759172781072e+00 3.138867004754225718e+02
4.018145430286857334e+00 5.018609978322977554e+02
4.018152101400933596e+00 6.402205769799188602e+02
4.018158772515009858e+00 7.155431252741464050e+02
4.018165443629085232e+00 7.206549587254239668e+02
4.018172114743161494e+00 6.552843595187529218e+02
4.018178785857237756e+00 5.260645088960969815e+02
4.018185456971314018e+00 3.458819417676959347e+02
4.018192128085390280e+00 1.328265961279902001e+02
4.018198799199465654e+00 9.463974520332543250e+01
4.018205470313541916e+00 3.097787965677574107e+02
4.018212141427618178e+00 4.945404763012309104e+02
4.018218812541694440e+00 6.304240134067164263e+02
4.018225483655769814e+00 7.042433479123648112e+02
4.018232154769846076e+00 7.089646179310826710e+02
4.018238825883922338e+00 6.443465448579961503e+02
4.018245496997998600e+00 5.169412081791145965e+02
4.018252168112073974e+00 3.394515480616371406e+02
4.018258839226150236e+00 1.297058220007488103e+02
4.018265510340226498e+00 9.418732788565247915e+01
4.018272181454302761e+00 3.058152033552046305e+02
4.018278852568378134e+00 4.874721090813663977e+02
4.018285523682454397e+00 6.209617419541974641e+02
4.018292194796530659e+00 6.933265792507885408e+02
4.018298865910606921e+00 6.976681888974411549e+02
4.018305537024682295e+00 6.337750637270812604e+02
4.018312208138758557e+00 5.081212658477872992e+02
4.018318879252834819e+00 3.332326402115907626e+02
4.018325550366911081e+00 1.266851197863163065e+02
4.018332221480987343e+00 9.375485599513208967e+01
4.018338892595062717e+00 3.019885670722616169e+02
4.018345563709138979e+00 4.806430970894659254e+02
4.018352234823215241e+00 6.118168385689029947e+02
4.018358905937291503e+00 6.827734729299263563e+02
4.018365577051366877e+00 6.867458177841458564e+02
4.018372248165443139e+00 6.235514925914234254e+02
4.018378919279519401e+00 4.995894609307668475e+02
4.018385590393595663e+00 3.272146366973054228e+02
4.018392261507671037e+00 1.237595172859583244e+02
4.018398932621747299e+00 9.334130336166573727e+01
4.018405603735823561e+00 2.982920235278800760e+02
4.018412274849899823e+00 4.740414915784376717e+02
4.018418945963975197e+00 6.029735015493879473e+02
4.018425617078051459e+00 6.725659634970138541e+02
4.018432288192127722e+00 6.761789630390453567e+02
4.018438959306203984e+00 6.136586236730813653e+02
4.018445630420279358e+00 4.913315752600196333e+02
4.018452301534355620e+00 3.213876518403899922e+02
4.018458972648431882e+00 1.209243689764927296e+02
4.018465643762508144e+00 9.294571145609876339e+01
4.018472314876584406e+00 2.947191578372474510e+02
4.018478985990659780e+00 4.676561246223596982e+02
4.018485657104736042e+00 5.944169601644914565e+02
4.018492328218812304e+00 6.626871621315079892e+02
4.018498999332888566e+00 6.659502887357213012e+02
4.018505670446963940e+00 6.040803662454478626e+02
4.018512341561040202e+00 4.833343120266320625e+02
4.018519012675116464e+00 3.157424395735749272e+02
4.018525683789192726e+00 1.181753298940306536e+02
4.018532354903268100e+00 9.256718368538035691e+01
4.018539026017344362e+00 2.912639684355767713e+02
4.018545697131420624e+00 4.614765464530935333e+02
4.018552368245496886e+00 5.861333918145375037e+02
4.018559039359572260e+00 6.531212623573338760e+02
4.018565710473648522e+00 6.560435681649873914e+02
4.018572381587724784e+00 5.948016573989513063e+02
4.018579052701801047e+00 4.755852224972128965e+02
4.018585723815876420e+00 3.102703426015182799e+02
4.018592394929952683e+00 1.155083316687770747e+02
4.018599066044028945e+00 9.220488073488758118e+01
4.018605737158105207e+00 2.879208342617387189e+02
4.018612408272181469e+00 4.554929686140094418e+02
4.018619079386256843e+00 5.781098472057786921e+02
4.018625750500333105e+00 6.438534547492598676e+02
4.018632421614409367e+00 6.464435964929002694e+02
4.018639092728485629e+00 5.858083813434690228e+02
4.018645763842561003e+00 4.680726393920927535e+02
4.018652434956637265e+00 3.049632460962666869e+02
4.018659106070713527e+00 1.129195607963624326e+02
4.018665777184789789e+00 9.185801584736985603e+01
4.018672448298865163e+00 2.846844850259408304e+02
4.018679119412941425e+00 4.496962124183963283e+02
4.018685790527017687e+00 5.703341825110907166e+02
4.018692461641093949e+00 6.348698495016153629e+02
4.018699132755169323e+00 6.371361115884624269e+02
4.018705803869245585e+00 5.770872960786176691e+02
4.018712474983321847e+00 4.607856164403087860e+02
4.018719146097398109e+00 2.998135360661042341e+02
4.018725817211473483e+00 1.104054392586216977e+02
4.018732488325549745e+00 9.152585087330642466e+01
4.018739159439626007e+00 2.815499744426169286e+02
4.018745830553702270e+00 4.440776623363434510e+02
4.018752501667778532e+00 5.627949976181092779e+02
4.018759172781853906e+00 6.261574061596820684e+02
4.018765843895930168e+00 6.281077220694618291e+02
4.018772515010006430e+00 5.686259667679227050e+02
4.018779186124082692e+00 4.537138736618318831e+02
4.018785857238158066e+00 2.948140611440946941e+02
4.018792528352234328e+00 1.079626064198640165e+02
4.018799199466310590e+00 9.120769267602628361e+01
4.018805870580386852e+00 2.785126555136866955e+02
4.018812541694462226e+00 4.386292232919622620e+02
4.018819212808538488e+00 5.554815800926202201e+02
4.018825883922614750e+00 6.177038696953748058e+02
4.018832555036691012e+00 6.193458418495473552e+02
4.018839226150766386e+00 5.604127052572466710e+02
4.018845897264842648e+00 4.468477473611856112e+02
4.018852568378918910e+00 2.899580980344334762e+02
4.018859239492995172e+00 1.055879030324933581e+02
4.018865910607070546e+00 9.090288954079535699e+01
4.018872581721146808e+00 2.755681583939643247e+02
4.018879252835223070e+00 4.333432821328976843e+02
4.018885923949299332e+00 5.483838541711807011e+02
4.018892595063375595e+00 6.094977122153707114e+02
4.018899266177450968e+00 6.108386305151184388e+02
4.018905937291527231e+00 5.524365147474716196e+02
4.018912608405603493e+00 4.401781445769660195e+02
4.018919279519679755e+00 2.852393199412328499e+02
4.018925950633755129e+00 1.032783563327787277e+02
4.018932621747831391e+00 9.061082836954292929e+01
4.018939292861907653e+00 2.727123699710264191e+02
4.018945963975983915e+00 4.282126721461980878e+02
4.018952635090059289e+00 5.414923340181518370e+02
4.018959306204135551e+00 6.015280798557333810e+02
4.018965977318211813e+00 6.025749388801787063e+02
4.018972648432288075e+00 5.446870395140982737e+02
4.018979319546363449e+00 4.336965016706479332e+02
4.018985990660439711e+00 2.806517678145179957e+02
4.018992661774515973e+00 1.010311664361559423e+02
4.018999332888592235e+00 9.033093166721087641e+01
4.019006004002667609e+00 2.699414153110159305e+02
4.019012675116743871e+00 4.232306408740797679e+02
4.019019346230820133e+00 5.347980813315560908e+02
4.019026017344896395e+00 5.937847442159553566e+02
4.019032688458972657e+00 5.945442593017908166e+02
4.019039359573048031e+00 5.371545188227521521e+02
4.019046030687124293e+00 4.273947462141049414e+02
4.019052701801200556e+00 2.761898238610694989e+02
4.019059372915276818e+00 9.884369418993500744e+01
4.019066044029352192e+00 9.006265507552026861e+01
4.019072715143428454e+00 2.672516406738142791e+02
4.019079386257504716e+00 4.183908206902461870e+02
4.019086057371580978e+00 5.282926662796254504e+02
4.019092728485656352e+00 5.862580579541577208e+02
4.019099399599732614e+00 5.867366801966286403e+02
4.019106070713808876e+00 5.298297447629430508e+02
4.019112741827885138e+00 4.212652624212119576e+02
4.019119412941960512e+00 2.718481876548499940e+02
4.019126084056036774e+00 9.671344976306426133e+01
4.019132755170113036e+00 8.980548512757394519e+01
4.019139426284189298e+00 2.646395979251020663e+02
4.019146097398264672e+00 4.136872016159286432e+02
4.019152768512340934e+00 5.219681319199168001e+02
4.019159439626417196e+00 5.789389141058842370e+02
4.019166110740493458e+00 5.791428443095805960e+02
4.019172781854569720e+00 5.227040237300075205e+02
4.019179452968645094e+00 4.153008592120219760e+02
4.019186124082721356e+00 2.676218538830872262e+02
4.019192795196797618e+00 9.463808220741621824e+01
4.019199466310873881e+00 8.955893692008250184e+01
4.019206137424949254e+00 2.621020303393088398e+02
4.019212808539025517e+00 4.091141067373457076e+02
4.019219479653101779e+00 5.158169615136648645e+02
4.019226150767178041e+00 5.718187087606308978e+02
4.019232821881253415e+00 5.717539105711438197e+02
4.019239492995329677e+00 5.157691409749924105e+02
4.019246164109405939e+00 4.094947409898892374e+02
4.019252835223482201e+00 2.635060921341266749e+02
4.019259506337557575e+00 9.261537016016319512e+01
4.019266177451633837e+00 8.932255223785169562e+01
4.019272848565710099e+00 2.596358594713655066e+02
4.019279519679786361e+00 4.046661693106350413e+02
4.019286190793861735e+00 5.098320484349296180e+02
4.019292861907937997e+00 5.648893068269252353e+02
4.019299533022014259e+00 5.645615189327035068e+02
4.019306204136090521e+00 5.090173280393425443e+02
4.019312875250166783e+00 4.038404809189576667e+02
4.019319546364242157e+00 2.594964283374754359e+02
4.019326217478318419e+00 9.064321287660327187e+01
4.019332888592394681e+00 8.909589783571470889e+01
4.019339559706470943e+00 2.572381731459992693e+02
4.019346230820546317e+00 4.003383119223194626e+02
4.019352901934622579e+00 5.040066686782169540e+02
4.019359573048698842e+00 5.581430105093432985e+02
4.019366244162775104e+00 5.575577581215825376e+02
4.019372915276850478e+00 5.024412329475553634e+02
4.019379586390926740e+00 3.983319961460441618e+02
4.019386257505003002e+00 2.555886274834023197e+02
4.019392928619079264e+00 8.871962240775363284e+01
4.019399599733154638e+00 8.887856356223718990e+01
4.019406270847230900e+00 2.549062143257467881e+02
4.019412941961307162e+00 3.961257273268880681e+02
4.019419613075383424e+00 4.983344553588266876e+02
4.019426284189458798e+00 5.515725303299691404e+02
4.019432955303535060e+00 5.507351359246470111e+02
4.019439626417611322e+00 4.960338925544986068e+02
4.019446297531687584e+00 3.929635251399640765e+02
4.019452968645763846e+00 2.517786780282250731e+02
4.019459639759839220e+00 8.684271611458632378e+01
4.019466310873915482e+00 8.867016107344117870e+01
4.019472981987991744e+00 2.526373710624921500e+02
4.019479653102068006e+00 3.920238605899890558e+02
4.019486324216143380e+00 4.928093753631399636e+02
4.019492995330219642e+00 5.451709584062604108e+02
4.019499666444295904e+00 5.440865517799172721e+02
4.019506337558372167e+00 4.897887072685746261e+02
4.019513008672447540e+00 3.877296067324173237e+02
4.019519679786523803e+00 2.480627772703338394e+02
4.019526350900600065e+00 8.501070977126586570e+01
4.019533022014676327e+00 8.847032219513029361e+01
4.019539693128751701e+00 2.504291668958906598e+02
4.019546364242827963e+00 3.880283928187565721e+02
4.019553035356904225e+00 4.874257077950466055e+02
4.019559706470980487e+00 5.389317438090590713e+02
4.019566377585055861e+00 5.376052715530242949e+02
4.019573048699132123e+00 4.836994175909935620e+02
4.019579719813208385e+00 3.826250608007613323e+02
4.019586390927284647e+00 2.444373178570376695e+02
4.019593062041360909e+00 8.322191144403478802e+01
4.019599733155436283e+00 8.827869778057214489e+01
4.019606404269512545e+00 2.482792523819576331e+02
4.019613075383588807e+00 3.841352261237465768e+02
4.019619746497665069e+00 4.821780239670216588e+02
4.019626417611740443e+00 5.328486697958286413e+02
4.019633088725816705e+00 5.312849041647140211e+02
4.019639759839892967e+00 4.777600824521668414e+02
4.019646430953969229e+00 3.776449704012384814e+02
4.019653102068044603e+00 2.408988755660073480e+02
4.019659773182120865e+00 8.147471560085082842e+01
4.019666444296197128e+00 8.809495645138842690e+01
4.019673115410273390e+00 2.461853968897640073e+02
4.019679786524348764e+00 3.803404695417956987e+02
4.019686457638425026e+00 4.770611690401908618e+02
4.019693128752501288e+00 5.269158327795336163e+02
4.019699799866577550e+00 5.251193800501707756e+02
4.019706470980652924e+00 4.719650592921541943e+02
4.019713142094729186e+00 3.727846653037129840e+02
4.019719813208805448e+00 2.374441976381993129e+02
4.019726484322881710e+00 7.976759765521647694e+01
4.019733155436957972e+00 8.791878343833693066e+01
4.019739826551033346e+00 2.441454812605829545e+02
4.019746497665109608e+00 3.766404262855880347e+02
4.019753168779185870e+00 4.720702449603866739e+02
4.019759839893262132e+00 5.211276228529588934e+02
4.019766511007337506e+00 5.191029311837479554e+02
4.019773182121413768e+00 4.663089854564200323e+02
4.019779853235490030e+00 3.680397066508054422e+02
4.019786524349566292e+00 2.340701923375627871e+02
4.019793195463641666e+00 7.809910919254721762e+01
4.019799866577717928e+00 8.774987964016510489e+01
4.019806537691794190e+00 2.421574910065991730e+02
4.019813208805870453e+00 3.730315816537519709e+02
4.019819879919945826e+00 4.672005946371070877e+02
4.019826551034022089e+00 5.154787057464532154e+02
4.019833222148098351e+00 5.132300725639171333e+02
4.019839893262174613e+00 4.607867611333251148e+02
4.019846564376249987e+00 3.634058728414051984e+02
4.019853235490326249e+00 2.307739190430821168e+02
4.019859906604402511e+00 7.646787314561103699e+01
4.019866577718478773e+00 8.758796060792811033e+01
4.019873248832555035e+00 2.402195097945746625e+02
4.019879919946630409e+00 3.695105920185690707e+02
4.019886591060706671e+00 4.624477873775571197e+02
4.019893262174782933e+00 5.099640061265903910e+02
4.019899933288859195e+00 5.074955850971711584e+02
4.019906604402934569e+00 4.553935334077678476e+02
4.019913275517010831e+00 3.588791463831569217e+02
4.019919946631087093e+00 2.275525790475695089e+02
4.019926617745163355e+00 7.487257971937252421e+01
4.019933288859238729e+00 8.743275567287253125e+01
4.019939959973314991e+00 2.383297136065290260e+02
4.019946631087391253e+00 3.660742746022329470e+02
4.019953302201467515e+00 4.578076052114705590e+02
4.019959973315542889e+00 5.045786920462043099e+02
4.019966644429619151e+00 5.018944996587592868e+02
4.019973315543695414e+00 4.501246814643916423e+02
4.019979986657771676e+00 3.544557016972579504e+02
4.019986657771847050e+00 2.244035072628188345e+02
4.019993328885923312e+00 7.331198234584803686e+01
4.019999999999999574e+00 8.728400713049961723e+01
