4.009999999999999787e+00 1.981228569127600565e+02
4.010006671114076049e+00 3.693151902164026978e+02
4.010013342228152311e+00 4.787444414641943808e+02
4.010020013342227685e+00 5.062287747286484318e+02
4.010026684456303947e+00 4.466059801595838508e+02
4.010033355570380209e+00 3.101898728505998406e+02
4.010040026684456471e+00 1.229434865504735228e+02
4.010046697798531845e+00 1.024230164735903088e+02
4.010053368912608107e+00 2.936968374174108476e+02
4.010060040026684369e+00 4.392579582171900938e+02
4.010066711140760631e+00 5.100950946030773139e+02
4.010073382254836005e+00 4.933069989706852425e+02
4.010080053368912267e+00 3.915562293783132191e+02
4.010086724482988529e+00 2.229403783256258009e+02
4.010093395597064792e+00 3.960578327288386902e+01
4.010100066711140165e+00 2.039696279801201513e+02
4.010106737825216427e+00 3.796692301507779916e+02
4.010113408939292690e+00 4.917625636250822936e+02
4.010120080053368952e+00 5.196414766625414359e+02
4.010126751167444326e+00 4.580674451464912522e+02
4.010133422281520588e+00 3.176696358977147838e+02
4.010140093395596850e+00 1.250240258271276019e+02
4.010146764509673112e+00 1.055290819761375758e+02
4.010153435623749374e+00 3.021955383511983655e+02
4.010160106737824748e+00 4.514906542678301662e+02
4.010166777851901010e+00 5.239234500687480249e+02
4.010173448965977272e+00 5.063197076755390640e+02
4.010180120080053534e+00 4.014675509286063857e+02
4.010186791194128908e+00 2.279650008654533053e+02
4.010193462308205170e+00 3.917513358597425110e+01
4.010200133422281432e+00 2.101208965450930179e+02
4.010206804536357694e+00 3.905282521405054013e+02
4.010213475650433068e+00 5.054027850796693997e+02
4.010220146764509330e+00 5.336872666641962724e+02
4.010226817878585592e+00 4.700637191595501463e+02
4.010233488992661854e+00 3.254928778357023589e+02
4.010240160106737228e+00 1.271969089497725633e+02
4.010246831220813490e+00 1.088289369617000659e+02
4.010253502334889752e+00 3.111217904089052126e+02
4.010260173448966015e+00 4.643197593145709448e+02
4.010266844563041388e+00 5.384163191075707573e+02
4.010273515677117651e+00 5.199508900217846303e+02
4.010280186791193913e+00 4.118440513167772110e+02
4.010286857905270175e+00 2.332203153485783389e+02
4.010293529019346437e+00 3.874234556067336399e+01
4.010300200133421811e+00 2.165984203637134158e+02
4.010306871247498073e+00 4.019290805772386079e+02
4.010313542361574335e+00 5.197107137693277537e+02
4.010320213475650597e+00 5.484126838216933493e+02
4.010326884589725971e+00 4.826341649390038242e+02
4.010333555703802233e+00 3.336848171123534712e+02
4.010340226817878495e+00 1.294685796893772078e+02
4.010346897931954757e+00 1.123358939230636793e+02
4.010353569046030131e+00 3.205069893289469292e+02
4.010360240160106393e+00 4.777894544856218317e+02
4.010366911274182655e+00 5.536231050921327324e+02
4.010373582388258917e+00 5.342466190459913378e+02
4.010380253502334291e+00 4.227203905182421977e+02
4.010386924616410553e+00 2.387233525439516200e+02
4.010393595730486815e+00 3.830896458524421888e+01
4.010400266844563077e+00 2.234261511847140866e+02
4.010406937958638451e+00 4.139122401544374270e+02
4.010413609072714713e+00 5.347365439576745985e+02
4.010420280186790976e+00 5.638689551443735581e+02
4.010426951300867238e+00 4.958221196220208071e+02
4.010433622414943500e+00 3.422732294660231673e+02
4.010440293529018874e+00 1.318461534660571317e+02
4.010446964643095136e+00 1.160646183133065108e+02
4.010453635757171398e+00 3.303857271148560812e+02
4.010460306871247660e+00 4.919484176849373966e+02
4.010466977985323034e+00 5.695982465263947461e+02
4.010473649099399296e+00 5.492576729357786007e+02
4.010480320213475558e+00 4.341347784510757037e+02
4.010486991327551820e+00 2.444929009278488650e+02
4.010493662441627194e+00 3.787702496847749245e+01
4.010500333555703456e+00 2.306305160530629621e+02
4.010507004669779718e+00 4.265224319224980718e+02
4.010513675783855980e+00 5.505356475012608826e+02
4.010520346897931354e+00 5.801126008669690464e+02
4.010527018012007616e+00 5.096754087904708399e+02
4.010533689126083878e+00 3.512887790475836027e+02
4.010540360240160140e+00 1.343375038537838293e+02
4.010547031354235514e+00 1.200313077107726372e+02
4.010553702468311776e+00 3.407962081327294754e+02
4.010560373582388038e+00 5.068504100470925096e+02
4.010567044696464301e+00 5.864018751513882535e+02
4.010573715810540563e+00 5.650401508761982541e+02
4.010580386924615937e+00 4.461294404023621496e+02
4.010587058038692199e+00 2.505497374734615903e+02
4.010593729152768461e+00 3.744916419973736765e+01
4.010600400266844723e+00 2.382407436768754678e+02
4.010607071380920097e+00 4.398090845714065722e+02
4.010613742494996359e+00 5.671692588208413781e+02
4.010620413609072621e+00 5.972061360340920828e+02
4.010627084723148883e+00 5.242469422511994708e+02
4.010633755837224257e+00 3.607654021932740420e+02
4.010640426951300519e+00 1.369513632217714019e+02
4.010647098065376781e+00 1.242538991049666350e+02
4.010653769179453043e+00 3.517807320484207025e+02
4.010660440293528417e+00 5.225549570893939517e+02
4.010667111407604679e+00 6.041005800088094020e+02
4.010673782521680941e+00 5.816561885496732884e+02
4.010680453635757203e+00 4.587511575397406318e+02
4.010687124749832577e+00 2.569168952228616831e+02
4.010693795863908839e+00 3.702876269109966501e+01
4.010700466977985101e+00 2.462892434057563378e+02
4.010707138092061363e+00 4.538269959781882790e+02
4.010713809206137626e+00 5.847052717433527960e+02
4.010720480320212999e+00 6.152188867686384128e+02
4.010727151434289262e+00 5.395954075100729597e+02
4.010733822548365524e+00 3.707407541928740216e+02
4.010740493662441786e+00 1.396974395852250268e+02
4.010747164776517160e+00 1.287523101618758687e+02
4.010753835890593422e+00 3.633862561619774283e+02
4.010760507004669684e+00 5.391281420136443785e+02
4.010767178118745946e+00 6.227682979890416846e+02
4.010773849232821320e+00 5.991747919601099284e+02
4.010780520346897582e+00 4.720518974456457499e+02
4.010787191460973844e+00 2.636199757142761086e+02
4.010793862575050106e+00 3.662011388359393038e+01
4.010800533689125480e+00 2.548120478218219773e+02
4.010807204803201742e+00 4.686370814545791177e+02
4.010813875917278004e+00 6.032191698072327881e+02
4.010820547031354266e+00 6.342279435224933195e+02
4.010827218145429640e+00 5.557860798079184406e+02
4.010833889259505902e+00 3.812567316253510512e+02
4.010840560373582164e+00 1.425865535593028994e+02
4.010847231487658426e+00 1.335487212013056819e+02
4.010853902601734688e+00 3.756650533689447684e+02
4.010860573715810062e+00 5.566435339374195337e+02
4.010867244829886324e+00 6.424873558708096652e+02
4.010873915943962587e+00 6.176728136995038767e+02
4.010880587058038849e+00 4.860895520503455600e+02
4.010887258172114223e+00 2.706875149055435372e+02
4.010893929286190485e+00 3.622863037044709245e+01
4.010900600400266747e+00 2.638493311358746496e+02
4.010907271514343009e+00 4.843072515068316193e+02
4.010913942628418383e+00 6.227951171191706408e+02
4.010920613742494645e+00 6.543192792076295063e+02
4.010927284856570907e+00 5.728917724365809363e+02
4.010933955970647169e+00 3.923600849043153858e+02
4.010940627084722543e+00 1.456307988144618832e+02
4.010947298198798805e+00 1.386679056876915013e+02
4.010953969312875067e+00 3.886754846219395745e+02
4.010960640426951329e+00 5.751832784470489059e+02
4.010967311541026703e+00 6.633496950134441477e+02
4.010973982655102965e+00 6.372361003993347595e+02
4.010980653769179227e+00 5.009288058299925410e+02
4.010987324883255489e+00 2.781514133474024675e+02
4.010993995997331751e+00 3.586109122007309225e+01
4.011000667111407125e+00 2.734460192656987942e+02
4.011007338225483387e+00 5.009134444932600445e+02
4.011014009339559649e+00 6.435272428875351807e+02
4.011020680453635912e+00 6.755890661454377550e+02
4.011027351567711285e+00 5.909939566720246376e+02
4.011034022681787548e+00 4.041031406491603661e+02
4.011040693795863810e+00 1.488437313972059144e+02
4.011047364909940072e+00 1.441376200500469338e+02
4.011054036024015446e+00 4.024829105881062787e+02
4.011060707138091708e+00 5.948393843582711042e+02
4.011067378252167970e+00 6.854583168419590038e+02
4.011074049366244232e+00 6.579608476320096315e+02
4.011080720480319606e+00 5.166421606412829988e+02
4.011087391594395868e+00 2.860474448088165786e+02
4.011094062708472130e+00 3.552593582598047561e+01
4.011100733822548392e+00 2.836525114326731796e+02
4.011107404936623766e+00 5.185408483971821170e+02
4.011114076050700028e+00 6.655211608976285333e+02
4.011120747164776290e+00 6.981452345727288957e+02
4.011127418278852552e+00 6.101840870584617278e+02
4.011134089392928814e+00 4.165446567590878431e+02
4.011140760507004188e+00 1.522405942263810346e+02
4.011147431621080450e+00 1.499890649291160685e+02
4.011154102735156712e+00 4.171607718039040833e+02
4.011160773849232974e+00 6.157152495311768234e+02
4.011167444963308348e+00 7.089289973375513227e+02
4.011174116077384610e+00 6.799552074680811984e+02
4.011180787191460873e+00 5.333111525716661845e+02
4.011187458305537135e+00 2.944158597544119971e+02
4.011194129419612509e+00 3.523360751616456810e+01
4.011200800533688771e+00 2.945255366704840867e+02
4.011207471647765033e+00 5.372853524353891999e+02
4.011214142761841295e+00 6.888957760757938331e+02
4.011220813875916669e+00 7.221093258788692992e+02
4.011227484989992931e+00 6.305651784493683181e+02
4.011234156104069193e+00 4.297508401977651147e+02
4.011240827218145455e+00 1.558385838273336788e+02
4.011247498332220829e+00 1.562574344377519253e+02
4.011254169446297091e+00 4.327918755205235470e+02
4.011260840560373353e+00 6.379274787737192582e+02
4.011267511674449615e+00 7.338923306278134078e+02
4.011274182788525877e+00 7.033412051490759040e+02
4.011280853902601251e+00 5.510278031216838599e+02
4.011287525016677513e+00 3.033021058241278070e+02
4.011294196130753775e+00 3.499694741263247266e+01
4.011300867244830037e+00 3.061291775322782200e+02
4.011307538358905411e+00 5.572552809802834872e+02
4.011314209472981673e+00 7.137854427175087721e+02
4.011320880587057935e+00 7.476187078186461576e+02
4.011327551701134198e+00 6.522536911435121283e+02
4.011334222815209571e+00 4.437965641775280119e+02
4.011340893929285834e+00 1.596571701314664722e+02
4.011347565043362096e+00 1.629825732991595828e+02
4.011354236157438358e+00 4.494699367293270029e+02
4.011360907271513732e+00 6.616080616556704399e+02
4.011367578385589994e+00 7.604961778086731101e+02
4.011374249499666256e+00 7.282570368660093436e+02
4.011380920613742518e+00 5.698963593921911297e+02
4.011387591727817892e+00 3.127576916950416717e+02
4.011394262841894154e+00 3.483163383697257132e+01
4.011400933955970416e+00 3.185360979036555591e+02
4.011407605070046678e+00 5.785734761276648896e+02
4.011414276184122940e+00 7.403425578474501663e+02
4.011420947298198314e+00 7.748292369132485646e+02
4.011427618412274576e+00 6.753817979819827997e+02
4.011434289526350838e+00 4.587668322335341031e+02
4.011440960640427100e+00 1.637184806898084162e+02
4.011447631754502474e+00 1.702097670835055965e+02
4.011454302868578736e+00 4.673014335174643747e+02
4.011460973982654998e+00 6.869069958887996563e+02
4.011467645096731260e+00 7.889086180629248020e+02
4.011474316210806634e+00 7.548598396934387438e+02
4.011480987324882896e+00 5.900353930603541812e+02
4.011487658438959159e+00 3.228412298385576946e+02
4.011494329553035421e+00 3.475665498995645919e+01
4.011501000667110794e+00 3.318290267032848533e+02
4.011507671781187057e+00 6.013798130091209941e+02
4.011514342895263319e+00 7.687406946974175526e+02
4.011521014009339581e+00 8.039184769814486344e+02
4.011527685123414955e+00 7.001001256902404748e+02
4.011534356237491217e+00 4.747585499794743669e+02
4.011541027351567479e+00 1.680477663165419528e+02
4.011547698465643741e+00 1.779906998210398115e+02
4.011554369579720003e+00 4.864078549211540121e+02
4.011561040693795377e+00 7.139954663259424024e+02
4.011567711807871639e+00 8.193215263898061949e+02
4.011574382921947901e+00 7.833290512713311955e+02
4.011581054036024163e+00 6.115803468957175255e+02
4.011587725150099537e+00 3.336197020779025593e+02
4.011594396264175799e+00 3.479479318438360735e+01
4.011601067378252061e+00 3.461025594530125886e+02
4.011607738492328323e+00 6.258342573361029508e+02
4.011614409606403697e+00 7.991784130119650627e+02
4.011621080720479959e+00 8.350896143515371932e+02
4.011627751834556221e+00 7.265810912584597645e+02
4.011634422948632483e+00 4.918826813336663122e+02
4.011641094062707857e+00 1.726739677687788799e+02
4.011647765176784119e+00 1.863846194746283516e+02
4.011654436290860382e+00 5.069284408527220762e+02
4.011661107404936644e+00 7.430697224027403536e+02
4.011667778519012018e+00 8.519549389574711995e+02
4.011674449633088280e+00 8.138705108592770330e+02
4.011681120747164542e+00 6.346866449482813550e+02
4.011687791861240804e+00 3.451700056180361003e+02
4.011694462975317066e+00 3.497308878028323420e+01
4.011701134089392440e+00 3.614653618106623298e+02
4.011707805203468702e+00 6.521206054085645292e+02
4.011714476317544964e+00 8.318839227087631798e+02
4.011721147431621226e+00 8.685762520881943374e+02
4.011727818545696600e+00 7.550229893004592441e+02
4.011734489659772862e+00 5.102668923588427674e+02
4.011741160773849124e+00 1.776304109752813929e+02
4.011747831887925386e+00 1.954597684467685212e+02
4.011754503002000760e+00 5.290235453508061028e+02
4.011761174116077022e+00 7.743558390953585331e+02
4.011767845230153284e+00 8.870624161357679895e+02
4.011774516344229546e+00 8.467214998812696649e+02
4.011781187458304920e+00 6.595335168535067396e+02
4.011787858572381182e+00 3.575808556161353522e+02
4.011794529686457444e+00 3.532324493984281588e+01
4.011801200800533707e+00 3.780428832382384030e+02
4.011807871914609080e+00 6.804510929053052450e+02
4.011814543028685343e+00 8.671208324403255574e+02
4.011821214142761605e+00 9.046483226505314406e+02
4.011827885256837867e+00 7.856550351586955685e+02
4.011834556370914129e+00 5.300588142000427752e+02
4.011841227484989503e+00 1.829556657838760145e+02
4.011847898599065765e+00 2.052951503670515763e+02
4.011854569713142027e+00 5.528787945772123749e+02
4.011861240827218289e+00 8.081156062783420566e+02
4.011867911941293663e+00 9.249376794507556951e+02
4.011874583055369925e+00 8.821569833099032394e+02
4.011881254169446187e+00 6.863287356066614393e+02
4.011887925283522449e+00 3.709551428037326559e+02
4.011894596397597823e+00 3.588193696167437707e+01
4.011901267511674085e+00 3.959807235964655661e+02
4.011907938625750347e+00 7.110721154442788929e+02
4.011914609739826609e+00 9.051952899168966269e+02
4.011921280853901983e+00 9.436194354148303773e+02
4.011927951967978245e+00 8.187436355684180853e+02
4.011934623082054507e+00 5.514301028241688982e+02
4.011941294196130769e+00 1.886946143136089518e+02
4.011947965310206143e+00 2.159827306462963179e+02
4.011954636424282405e+00 5.787102673145740255e+02
4.011961307538358668e+00 8.446538706703247499e+02
4.011967978652434930e+00 9.659228905716015561e+02
4.011974649766511192e+00 9.204973990769840384e+02
4.011981320880586566e+00 7.153145340608319884e+02
4.011987991994662828e+00 3.854128797507866580e+02
4.011994663108739090e+00 3.669100849551665533e+01
4.012001334222815352e+00 4.154488446305721254e+02
4.012008005336890726e+00 7.442713883516646547e+02
4.012014676450966988e+00 9.464649227544776977e+02
4.012021347565043250e+00 9.858560827560008875e+02
4.012028018679119512e+00 8.546002494539500276e+02
4.012034689793194886e+00 5.745815310031275658e+02
4.012041360907271148e+00 1.948997929315308681e+02
4.012048032021347410e+00 2.276301994052585940e+02
4.012054703135423672e+00 6.067710054511879889e+02
4.012061374249499046e+00 8.843277668783260879e+02
4.012068045363575308e+00 1.010419066115863075e+03
4.012074716477651570e+00 9.621184631404264564e+02
4.012081387591727832e+00 7.467750562580980613e+02
4.012088058705803206e+00 4.010949134266290343e+02
4.012094729819879468e+00 3.779758018452829305e+01
4.012101400933955730e+00 4.366468832876216766e+02
4.012108072048031993e+00 7.803869861022538998e+02
4.012114743162108255e+00 9.913501338001914291e+02
4.012121414276183629e+00 1.031789277028791957e+03
4.012128085390259891e+00 8.935913311564656851e+02
4.012134756504336153e+00 5.997494330939784959e+02
4.012141427618412415e+00 2.016330903307626556e+02
4.012148098732487789e+00 2.403644724435528985e+02
4.012154769846564051e+00 6.373592680666936303e+02
4.012161440960640313e+00 9.275584296218122518e+02
4.012168112074716575e+00 1.058899300427247681e+03
4.012174783188791949e+00 1.007463625797272698e+03
4.012181454302868211e+00 7.810458302115378046e+02
4.012188125416944473e+00 4.181676478986992720e+02
4.012194796531020735e+00 3.925416282645753796e+01
4.012201467645096109e+00 4.598109200055289421e+02
4.012208138759172371e+00 8.198188630954311975e+02
4.012214809873248633e+00 1.040348506424195421e+03
4.012221480987324895e+00 1.081929401906953444e+03
4.012228152101400269e+00 9.361510278810557111e+02
4.012234823215476531e+00 6.272139410376472597e+02
4.012241494329552793e+00 2.089679205483564317e+02
4.012248165443629055e+00 2.543361716768830547e+02
4.012254836557705318e+00 6.708291019940857041e+02
4.012261507671780691e+00 9.748460015151428024e+02
4.012268178785856954e+00 1.111925720852406812e+03
4.012274849899933216e+00 1.057060055313718294e+03
4.012281521014009478e+00 8.185259311993431766e+02
4.012288192128084852e+00 4.368291132726365618e+02
4.012294863242161114e+00 4.111894784949153347e+01
4.012301534356237376e+00 4.852221872785590904e+02
4.012308205470313638e+00 8.630436893155518874e+02
4.012314876584389012e+00 1.094053368005339280e+03
4.012321547698465274e+00 1.136885363980809188e+03
4.012328218812541536e+00 9.827975662493576010e+02
4.012334889926617798e+00 6.573096201986696769e+02
4.012341561040693172e+00 2.169920301884883145e+02
4.012348232154769434e+00 2.697254184071782106e+02
4.012354903268845696e+00 7.076040223797424460e+02
4.012361574382921958e+00 1.026789072549299362e+03
4.012368245496997332e+00 1.170171465550724179e+03
4.012374916611073594e+00 1.111539372076312929e+03
4.012381587725149856e+00 8.596937723594631962e+02
4.012388258839226118e+00 4.573168495185061033e+02
4.012394929953302380e+00 4.345652582846922485e+01
4.012401601067377754e+00 5.132184014320309871e+02
4.012408272181454016e+00 9.106341687296219334e+02
4.012414943295530279e+00 1.153177981512973247e+03
4.012421614409606541e+00 1.197389570760487686e+03
4.012428285523681915e+00 1.034154640711160027e+03
4.012434956637758177e+00 6.904393635429843243e+02
4.012441627751834439e+00 2.258111690995800984e+02
4.012448298865910701e+00 2.867494148634581279e+02
4.012454969979986075e+00 7.481949274564623238e+02
4.012461641094062337e+00 1.084110155181509754e+03
4.012468312208138599e+00 1.234449509662339324e+03
4.012474983322214861e+00 1.171664865555642336e+03
4.012481654436290235e+00 9.051278496093214017e+02
4.012488325550366497e+00 4.799182735606224810e+02
4.012494996664442759e+00 4.633933666206415580e+01
4.012501667778519021e+00 5.442086878633475635e+02
4.012508338892594395e+00 9.632845055114446495e+02
4.012515010006670657e+00 1.218587462731653886e+03
4.012521681120746919e+00 1.264330913779328512e+03
4.012528352234823181e+00 1.090979680964805766e+03
4.012535023348898555e+00 7.270927698668879202e+02
4.012541694462974817e+00 2.355539502076761664e+02
4.012548365577051079e+00 3.056724883653537290e+02
4.012555036691127341e+00 7.932238583302048482e+02
4.012561707805203604e+00 1.147689502942492481e+03
4.012568378919278977e+00 1.305750965863422152e+03
4.012575050033355240e+00 1.238367690149549389e+03
4.012581721147431502e+00 9.555343551928691568e+02
4.012588392261507764e+00 5.049844908054640200e+02
4.012595063375583138e+00 4.985018447703124878e+01
4.012601734489659400e+00 5.786935024203187368e+02
4.012608405603735662e+00 1.021844427656190533e+03
4.012615076717811924e+00 1.291341463093674975e+03
4.012621747831887298e+00 1.338798918450268957e+03
4.012628418945963560e+00 1.154201726171285827e+03
4.012635090060039822e+00 7.678707922001137831e+02
4.012641761174116084e+00 2.463783730419057747e+02
4.012648432288191458e+00 3.268195900842068795e+02
4.012655103402267720e+00 8.434559571894099008e+02
4.012661774516343982e+00 1.218610642281796345e+03
4.012668445630420244e+00 1.385296702879410077e+03
4.012675116744495618e+00 1.312795695390975197e+03
4.012681787858571880e+00 1.011784468317483629e+03
4.012688458972648142e+00 5.329489662456179531e+02
4.012695130086724404e+00 5.408617457723141086e+01
4.012701801200800666e+00 6.172916171063234287e+02
4.012708472314876040e+00 1.087365321804512178e+03
4.012715143428952302e+00 1.372752106585849560e+03
4.012721814543028565e+00 1.422143735558862090e+03
4.012728485657104827e+00 1.224972942893041363e+03
4.012735156771180201e+00 8.135193010024081559e+02
4.012741827885256463e+00 2.584807171980014573e+02
4.012748498999332725e+00 3.505947139299011610e+02
4.012755170113408987e+00 8.998431264028213263e+02
4.012761841227484361e+00 1.298222642908021044e+03
4.012768512341560623e+00 1.474608016944671135e+03
4.012775183455636885e+00 1.396380354532017463e+03
4.012781854569713147e+00 1.074965522869095821e+03
4.012788525683788521e+00 5.643531725266126386e+02
4.012795196797864783e+00 5.916450153277001078e+01
4.012801867911941045e+00 6.607772742812145452e+02
4.012808539026017307e+00 1.161163827305458881e+03
4.012815210140092681e+00 1.464463944194545775e+03
4.012821881254168943e+00 1.516059027474606182e+03
4.012828552368245205e+00 1.304739888192946182e+03
4.012835223482321467e+00 8.649755656245019964e+02
4.012841894596397729e+00 2.721078725032054990e+02
4.012848565710473103e+00 3.775064667182285802e+02
4.012855236824549365e+00 9.635847089384936908e+02
4.012861907938625627e+00 1.388226772570748835e+03
4.012868579052701890e+00 1.575605099101155020e+03
4.012875250166777263e+00 1.490930132203532821e+03
4.012881921280853526e+00 1.146452478784134883e+03
4.012888592394929788e+00 5.998824600939067295e+02
4.012895263509006050e+00 6.523070383206675160e+01
4.012901934623081424e+00 7.101322811126312899e+02
4.012908605737157686e+00 1.244911115104270039e+03
4.012915276851233948e+00 1.568566347379853823e+03
4.012921947965310210e+00 1.622698635152304860e+03
4.012928619079385584e+00 1.395343948192819880e+03
4.012935290193461846e+00 9.234338533602813186e+02
4.012941961307538108e+00 2.875747655199589303e+02
4.012948632421614370e+00 4.082042520815558646e+02
4.012955303535689744e+00 1.036213474361464705e+03
4.012961974649766006e+00 1.490799455029978390e+03
4.012968645763842268e+00 1.690746947052452924e+03
4.012975316877918530e+00 1.598763334877245370e+03
4.012981987991994792e+00 1.228009758353653069e+03
4.012988659106070166e+00 6.404172399923306784e+02
4.012995330220146428e+00 7.247037761792530830e+01
4.013002001334222690e+00 7.666205553129852888e+02
4.013008672448298952e+00 1.340760829587443141e+03
4.013015343562374326e+00 1.687754808618572042e+03
4.013022014676450588e+00 1.744844258888318109e+03
4.013028685790526850e+00 1.499165908821607218e+03
4.013035356904603113e+00 9.904399929205030730e+02
4.013042028018678486e+00 3.052895163159701042e+02
4.013048699132754749e+00 4.435305887087956762e+02
4.013055370246831011e+00 1.119720137205164292e+03
4.013062041360907273e+00 1.608770607014510233e+03
4.013068712474982647e+00 1.823234608715436934e+03
4.013075383589058909e+00 1.722901400740132431e+03
4.013082054703135171e+00 1.321939648382505538e+03
4.013088725817211433e+00 6.871076886773167871e+02
4.013095396931286807e+00 8.112603940408030212e+01
4.013102068045363069e+00 8.318972836859074960e+02
4.013108739159439331e+00 1.451536744909517438e+03
4.013115410273515593e+00 1.825567920014812671e+03
4.013122081387591855e+00 1.886152221946143300e+03
4.013128752501667229e+00 1.619339069781574835e+03
4.013135423615743491e+00 1.068031009998346462e+03
4.013142094729819753e+00 3.257906518093831210e+02
4.013148765843896015e+00 4.845986326873393182e+02
4.013155436957971389e+00 1.216738182801615494e+03
4.013162108072047651e+00 1.745888813863765108e+03
4.013168779186123913e+00 1.977313931116056438e+03
4.013175450300200175e+00 1.867357339029797458e+03
4.013182121414275549e+00 1.431304156619603418e+03
4.013188792528351811e+00 7.414856362038442512e+02
4.013195463642428074e+00 9.152205391242665655e+01
4.013202134756504336e+00 9.081730199014407390e+02
4.013208805870579710e+00 1.581015396156140241e+03
4.013215476984655972e+00 1.986744965826324915e+03
4.013222148098732234e+00 2.051526543710814167e+03
4.013228819212808496e+00 1.760072067065017563e+03
4.013235490326883870e+00 1.158947058801869844e+03
4.013242161440960132e+00 3.498036969019075286e+02
4.013248832555036394e+00 5.329103032001310112e+02
4.013255503669112656e+00 1.330826068048704656e+03
4.013262174783188918e+00 1.907227035241830890e+03
4.013268845897264292e+00 2.158739700854393050e+03
4.013275517011340554e+00 2.037578849584518139e+03
4.013282188125416816e+00 1.560266555348744305e+03
4.013288859239493078e+00 8.056371767199304941e+02
4.013295530353568452e+00 1.041027598673884000e+02
4.013302201467644714e+00 9.984679276547320796e+02
4.013308872581720976e+00 1.734364929104307521e+03
4.013315543695797238e+00 2.177782389339648489e+03
4.013322214809872612e+00 2.247700785856720813e+03
4.013328885923948874e+00 1.927153479273770245e+03
4.013335557038025136e+00 1.266963444879699864e+03
4.013342228152101399e+00 3.783300360438422558e+02
4.013348899266176772e+00 5.905421993803978467e+02
4.013355570380253035e+00 1.466912409013875504e+03
4.013362241494329297e+00 2.099824142202800886e+03
4.013368912608405559e+00 2.375511338643692852e+03
4.013375583722480933e+00 2.241152393096223477e+03
4.013382254836557195e+00 1.714635383720644313e+03
4.013388925950633457e+00 8.824782798981399310e+02
4.013395597064709719e+00 1.194931016823730943e+02
4.013402268178785981e+00 1.107019773425792664e+03
4.013408939292861355e+00 1.918851127558147709e+03
4.013415610406937617e+00 2.407831352115811114e+03
4.013422281521013879e+00 2.484178993726221961e+03
4.013428952635090141e+00 2.128770008938904994e+03
4.013435623749165515e+00 1.397430411282183741e+03
4.013442294863241777e+00 4.127917704048455789e+02
4.013448965977318039e+00 6.604494928899089246e+02
4.013455637091394301e+00 1.632025678964456347e+03
4.013462308205469675e+00 2.333739379838104469e+03
4.013468979319545937e+00 2.639085532725438497e+03
4.013475650433622199e+00 2.488967011420402741e+03
4.013482321547698461e+00 1.902766272321902534e+03
4.013488992661773835e+00 9.762130204674325569e+02
4.013495663775850097e+00 1.385993842016891335e+02
4.013502334889926360e+00 1.239966294415380162e+03
4.013509006004002622e+00 2.145021824263774306e+03
4.013515677118077996e+00 2.690208064072412526e+03
4.013522348232154258e+00 2.774823935775529208e+03
4.013529019346230520e+00 2.376891848036898409e+03
4.013535690460306782e+00 1.558190020490296320e+03
4.013542361574383044e+00 4.552785633926037576e+02
4.013549032688458418e+00 7.469854703820110444e+02
4.013555703802534680e+00 1.836545830185973273e+03
4.013562374916610942e+00 2.623867087030651874e+03
4.013569046030687204e+00 2.966470231587798480e+03
4.013575717144762578e+00 2.797230915361007192e+03
4.013582388258838840e+00 2.137129988264657641e+03
4.013589059372915102e+00 1.093133126278231884e+03
4.013595730486991364e+00 1.627854258457043670e+02
4.013602401601066738e+00 1.406544391386481720e+03
4.013609072715143000e+00 2.428795990989191978e+03
4.013615743829219262e+00 3.045067615421461596e+03
4.013622414943295524e+00 3.140679426400379725e+03
4.013629086057370898e+00 2.689743865171959897e+03
4.013635757171447160e+00 1.761217985845979001e+03
4.013642428285523422e+00 5.089913904947003971e+02
4.013649099399599685e+00 8.568392079420307255e+02
4.013655770513675058e+00 2.096472319987671199e+03
4.013662441627751321e+00 2.993238512247156905e+03
4.013669112741827583e+00 3.384050352981633750e+03
4.013675783855903845e+00 3.191171241548196122e+03
4.013682454969980107e+00 2.437201517588436218e+03
4.013689126084055481e+00 1.243097490724551108e+03
4.013695797198131743e+00 1.941997310149320981e+02
4.013702468312208005e+00 1.621328801953772881e+03
4.013709139426284267e+00 2.795381303230651156e+03
4.013715810540359641e+00 3.504441055648812835e+03
4.013722481654435903e+00 3.615311879151765424e+03
4.013729152768512165e+00 3.096504692083936789e+03
4.013735823882588427e+00 2.025760671895291125e+03
4.013742494996663801e+00 5.790945292797406410e+02
4.013749166110740063e+00 1.000844795798940822e+03
4.013755837224816325e+00 2.437822225554315992e+03
4.013762508338892587e+00 3.479457336884515826e+03
4.013769179452967961e+00 3.935083118107853807e+03
4.013775850567044223e+00 3.712320851600238257e+03
4.013782521681120485e+00 2.835180718935461755e+03
4.013789192795196747e+00 1.442477707898996869e+03
4.013795863909272121e+00 2.364303214381987459e+02
4.013802535023348383e+00 1.908738982530389876e+03
4.013809206137424646e+00 3.287206144554833372e+03
4.013815877251500908e+00 4.122493562741229653e+03
4.013822548365577170e+00 4.255753054982311369e+03
4.013829219479652544e+00 3.646991399447405456e+03
4.013835890593728806e+00 2.384840062268257498e+03
4.013842561707805068e+00 6.744933129244722068e+02
4.013849232821881330e+00 1.197780472447479724e+03
4.013855903935956704e+00 2.905925546880787351e+03
4.013862575050032966e+00 4.148390755649908897e+03
4.013869246164109228e+00 4.695750998639515274e+03
4.013875917278185490e+00 4.434231549811158402e+03
4.013882588392260864e+00 3.388414414623261109e+03
4.013889259506337126e+00 1.720599653124116003e+03
4.013895930620413388e+00 2.959470764099841631e+02
4.013902601734489650e+00 2.313040101131820848e+03
4.013909272848565024e+00 3.981653885157538753e+03
4.013915943962641286e+00 4.998636016266262232e+03
4.013922615076717548e+00 5.167347572551982012e+03
4.013929286190793810e+00 4.433826554804832085e+03
4.013935957304869184e+00 2.900264661249177607e+03
4.013942628418945446e+00 8.119707597425951917e+02
4.013949299533021708e+00 1.483284200105783157e+03
4.013955970647097971e+00 3.587429032684867707e+03
4.013962641761174233e+00 5.126867714695407813e+03
4.013969312875249607e+00 5.813849930060698171e+03
4.013975983989325869e+00 5.500696185612495356e+03
4.013982655103402131e+00 4.209900699317885483e+03
4.013989326217478393e+00 2.135715894271435900e+03
4.013995997331553767e+00 3.857137679432327673e+02
4.014002668445630029e+00 2.923644363241111932e+03
4.014009339559706291e+00 5.036397685126663418e+03
4.014016010673782553e+00 6.337238938244481687e+03
4.014022681787857927e+00 6.568656900988684356e+03
4.014029352901934189e+00 5.650992402642768866e+03
4.014036024016010451e+00 3.702738478597304493e+03
4.014042695130086713e+00 1.027371525980553997e+03
4.014049366244162087e+00 1.934251237812581849e+03
4.014056037358238349e+00 4.671261633786147286e+03
4.014062708472314611e+00 6.694437067180309896e+03
4.014069379586390873e+00 7.618787727850150986e+03
4.014076050700466247e+00 7.235894827658233226e+03
4.014082721814542509e+00 5.557420220509577121e+03
4.014089392928618771e+00 2.822345724915130177e+03
4.014096064042695033e+00 5.360518891788158271e+02
4.014102735156771296e+00 3.952368084488560726e+03
4.014109406270846669e+00 6.830003023047979696e+03
4.014116077384922932e+00 8.635830850939099037e+03
4.014122748498999194e+00 8.999435511617577504e+03
4.014129419613075456e+00 7.784700687234355428e+03
4.014136090727150830e+00 5.124939073460062900e+03
4.014142761841227092e+00 1.413394570076608716e+03
4.014149432955303354e+00 2.752854221488387793e+03
4.014156104069379616e+00 6.662745012837438480e+03
4.014162775183454990e+00 9.612240083019927624e+03
4.014169446297531252e+00 1.102423470034365528e+04
4.014176117411607514e+00 1.055651291773092453e+04
4.014182788525683776e+00 8.174703367679871008e+03
4.014189459639759150e+00 4.176820516042906092e+03
4.014196130753835412e+00 8.382839018635479533e+02
4.014202801867911674e+00 6.051882060660524076e+03
4.014209472981987936e+00 1.055725921098770414e+04
4.014216144096063310e+00 1.350464490942958037e+04
4.014222815210139572e+00 1.425331690882701696e+04
4.014229486324215834e+00 1.249615225464653668e+04
4.014236157438292096e+00 8.337239179701855392e+03
4.014242828552368358e+00 2.306383976661737961e+03
4.014249499666443732e+00 4.696989145472762175e+03
4.014256170780519994e+00 1.152289542255950801e+04
4.014262841894596257e+00 1.694464214927159628e+04
4.014269513008672519e+00 1.985548376884128811e+04
4.014276184122747893e+00 1.946432269831965459e+04
4.014282855236824155e+00 1.545723075482642707e+04
4.014289526350900417e+00 8.097859002296890139e+03
4.014296197464976679e+00 1.753272520481314587e+03
4.014302868579052053e+00 1.270679714925927874e+04
4.014309539693128315e+00 2.300127781610238890e+04
4.014316210807204577e+00 3.072211355541499870e+04
4.014322881921280839e+00 3.406273839561977366e+04
4.014329553035356213e+00 3.158812254724816012e+04
4.014336224149432475e+00 2.246445768665927972e+04
4.014342895263508737e+00 6.620671573773831369e+03
4.014349566377584999e+00 1.518438443810600802e+04
4.014356237491660373e+00 4.140141647582074802e+04
4.014362908605736635e+00 6.983791816762619419e+04
4.014369579719812897e+00 9.789438358664770203e+04
4.014376250833889159e+00 1.228623836399050779e+05
4.014382921947965421e+00 1.422455732543275808e+05
4.014389593062040795e+00 1.540617428010195435e+05
4.014396264176117057e+00 1.570858045860535640e+05
4.014402935290193319e+00 1.510011770134584804e+05
4.014409606404269582e+00 1.364391862145321211e+05
4.014416277518344955e+00 1.149011486218092177e+05
4.014422948632421217e+00 8.857360175785596948e+04
4.014429619746497480e+00 6.006147554707113159e+04
4.014436290860573742e+00 3.207482041846974244e+04
4.014442961974649116e+00 7.110545499753298827e+03
4.014449633088725378e+00 1.282969319575538793e+04
4.014456304202801640e+00 2.644858611577273041e+04
4.014462975316877902e+00 3.326635640448571939e+04
4.014469646430953276e+00 3.362403866583829949e+04
4.014476317545029538e+00 2.858251916409042315e+04
4.014482988659105800e+00 1.973449552352147657e+04
4.014489659773182062e+00 8.958712227677384362e+03
4.014496330887257436e+00 1.847890713423375928e+03
4.014503002001333698e+00 1.102054220049542892e+04
4.014509673115409960e+00 1.733139568237991261e+04
4.014516344229486222e+00 2.011513890756772889e+04
4.014523015343562484e+00 1.930973303287225644e+04
4.014529686457637858e+00 1.540789824575360399e+04
4.014536357571714120e+00 9.333033396615282982e+03
4.014543028685790382e+00 2.262246165330207532e+03
4.014549699799866644e+00 4.575205986985372874e+03
4.014556370913942018e+00 1.008952147305745893e+04
4.014563042028018280e+00 1.349054357808577151e+04
4.014569713142094542e+00 1.438712589350599956e+04
4.014576384256170805e+00 1.281971948579048512e+04
4.014583055370246178e+00 9.223272566490491954e+03
4.014589726484322441e+00 4.330910811024205032e+03
4.014596397598398703e+00 9.637788325658061694e+02
4.014603068712474965e+00 5.758062431219686914e+03
4.014609739826550339e+00 9.290437617751280413e+03
4.014616410940626601e+00 1.105148274788563685e+04
4.014623082054702863e+00 1.085330267047194502e+04
4.014629753168779125e+00 8.841404129197862858e+03
4.014636424282854499e+00 5.452340112343025794e+03
4.014643095396930761e+00 1.326623989663184148e+03
4.014649766511007023e+00 2.808310199367823316e+03
4.014656437625083285e+00 6.259217132021419275e+03
4.014663108739159547e+00 8.483074212213712599e+03
4.014669779853234921e+00 9.167070169543969314e+03
4.014676450967311183e+00 8.269926348345841689e+03
4.014683122081387445e+00 6.015990258928570256e+03
4.014689793195463707e+00 2.845911118275814715e+03
4.014696464309539081e+00 6.671547670863865278e+02
4.014703135423615343e+00 3.914993828701848997e+03
4.014709806537691605e+00 6.363322768257341522e+03
4.014716477651767867e+00 7.632310107209505077e+03
4.014723148765843241e+00 7.556007554588909443e+03
4.014729819879919503e+00 6.201087550245592865e+03
4.014736490993995766e+00 3.846516202200170483e+03
4.014743162108072028e+00 9.288696348151401025e+02
4.014749833222147402e+00 2.038481654741935927e+03
4.014756504336223664e+00 4.550174896653617907e+03
4.014763175450299926e+00 6.198412312604040380e+03
4.014769846564376188e+00 6.734801108684488099e+03
4.014776517678451562e+00 6.107387928330450450e+03
4.014783188792527824e+00 4.462547418451339581e+03
4.014789859906604086e+00 2.113626577911664299e+03
4.014796531020680348e+00 5.186484431319718169e+02
4.014803202134756610e+00 2.975907917465299761e+03
4.014809873248831984e+00 4.848653815008626225e+03
4.014816544362908246e+00 5.836819351796081719e+03
4.014823215476984508e+00 5.800049383110364033e+03
4.014829886591060770e+00 4.775996444432355929e+03
4.014836557705136144e+00 2.968544766878731025e+03
4.014843228819212406e+00 7.086555307051978616e+02
4.014849899933288668e+00 1.607557981137110119e+03
4.014856571047364930e+00 3.582400146320270778e+03
4.014863242161440304e+00 4.890469340440149608e+03
4.014869913275516566e+00 5.327679454005350635e+03
4.014876584389592828e+00 4.843624264136841703e+03
4.014883255503669091e+00 3.545849635346591640e+03
4.014889926617744464e+00 1.677386479284620009e+03
4.014896597731820727e+00 4.295831197005502986e+02
4.014903268845896989e+00 2.406758341333761109e+03
4.014909939959973251e+00 3.922813284131760611e+03
4.014916611074048625e+00 4.730330455073719349e+03
4.014923282188124887e+00 4.709357687906835963e+03
4.014929953302201149e+00 3.884032410950571830e+03
4.014936624416277411e+00 2.414920081037494128e+03
4.014943295530353673e+00 5.687569406789181130e+02
4.014949966644429047e+00 1.332173352842768054e+03
4.014956637758505309e+00 2.959595237793248543e+03
4.014963308872581571e+00 4.043201754684027492e+03
4.014969979986657833e+00 4.410360607157710547e+03
4.014976651100733207e+00 4.014668593477478680e+03
4.014983322214809469e+00 2.940923697421931593e+03
4.014989993328885731e+00 1.387794416373149716e+03
4.014996664442961993e+00 3.702880457278119479e+02
4.015003335557037367e+00 2.024953205950591837e+03
4.015010006671113629e+00 3.298323569257577219e+03
4.015016677785189891e+00 3.980069983015153412e+03
4.015023348899266153e+00 3.966034968204888173e+03
4.015030020013341527e+00 3.273117774023728089e+03
4.015036691127417789e+00 2.033876644398096914e+03
4.015043362241494052e+00 4.719818996178726707e+02
4.015050033355570314e+00 1.141030171242960478e+03
4.015056704469645688e+00 2.525226526448731875e+03
4.015063375583721950e+00 3.449660701358048755e+03
4.015070046697798212e+00 3.764986002654195545e+03
4.015076717811874474e+00 3.429016510121506599e+03
4.015083388925950736e+00 2.511785708448167043e+03
4.015090060040026110e+00 1.181501978583003847e+03
4.015096731154102372e+00 3.280201247740045005e+02
4.015103402268178634e+00 1.751087165567303600e+03
4.015110073382254896e+00 2.848650851388250885e+03
4.015116744496330270e+00 3.437844785524080180e+03
4.015123415610406532e+00 3.426897586293542190e+03
4.015130086724482794e+00 2.828457199025502177e+03
4.015136757838559056e+00 1.755557497482027202e+03
4.015143428952634430e+00 4.010323281118891714e+02
4.015150100066710692e+00 1.000630497327826561e+03
4.015156771180786954e+00 2.205022437981030635e+03
4.015163442294863216e+00 3.010709458378790259e+03
4.015170113408938590e+00 3.286215768634552205e+03
4.015176784523014852e+00 2.993226893589442170e+03
4.015183455637091114e+00 2.191495530833657540e+03
4.015190126751167377e+00 1.027055062500768827e+03
4.015196797865242750e+00 2.963991926697240160e+02
4.015203468979319013e+00 1.545073571282077182e+03
4.015210140093395275e+00 2.509403487058396877e+03
4.015216811207471537e+00 3.027650149651395623e+03
4.015223482321547799e+00 3.017948381288904329e+03
4.015230153435623173e+00 2.490281429604473487e+03
4.015236824549699435e+00 1.543325577278775427e+03
4.015243495663775697e+00 3.467715725964739022e+02
4.015250166777851959e+00 8.931575247130798516e+02
4.015256837891927333e+00 1.959210343064303061e+03
4.015263509006003595e+00 2.672906282501719488e+03
4.015270180120079857e+00 2.916894065607528773e+03
4.015276851234156119e+00 2.656276612362119067e+03
4.015283522348231493e+00 1.943272602032135637e+03
4.015290193462307755e+00 9.070654568958946129e+02
4.015296864576384017e+00 2.718774937803245280e+02
4.015303535690460279e+00 1.384488743979320361e+03
4.015310206804535653e+00 2.244355210343889212e+03
4.015316877918611915e+00 2.706485772809039190e+03
4.015323549032688177e+00 2.697091955646955739e+03
4.015330220146764439e+00 2.224405189129604878e+03
4.015336891260839813e+00 1.376115079157870014e+03
4.015343562374916075e+00 3.039190204611507511e+02
4.015350233488992338e+00 8.082610823352905527e+02
4.015356904603068600e+00 1.764569785478938911e+03
4.015363575717144862e+00 2.404897068880000916e+03
4.015370246831220236e+00 2.623326129708634198e+03
4.015376917945296498e+00 2.387943976746738826e+03
4.015383589059372760e+00 1.745230100533915447e+03
4.015390260173449022e+00 8.111388553394136807e+02
4.015396931287524396e+00 2.523250520584749097e+02
4.015403602401600658e+00 1.255808953027069492e+03
4.015410273515676920e+00 2.031563444919540643e+03
4.015416944629753182e+00 2.448195290849853791e+03
4.015423615743828556e+00 2.438615428521233298e+03
4.015430286857904818e+00 2.009861552676510655e+03
4.015436957971981080e+00 1.240953517247224227e+03
4.015443629086057342e+00 2.692100713170009954e+02
4.015450300200132716e+00 7.395171986725807756e+02
4.015456971314208978e+00 1.606633286237920402e+03
4.015463642428285240e+00 2.187072883880052359e+03
4.015470313542361502e+00 2.384360859123429236e+03
4.015476984656436876e+00 2.169188651353799287e+03
4.015483655770513138e+00 1.583529219289767070e+03
4.015490326884589400e+00 7.326797743354271688e+02
4.015496997998665663e+00 2.363858631821077552e+02
4.015503669112741925e+00 1.150393515920078016e+03
4.015510340226817299e+00 1.856961070495467311e+03
4.015517011340893561e+00 2.235954350436885761e+03
4.015523682454969823e+00 2.225925477343796047e+03
4.015530353569046085e+00 1.833076212890093757e+03
4.015537024683121459e+00 1.129415588540654198e+03
4.015543695797197721e+00 2.405179556974542265e+02
4.015550366911273983e+00 6.827276798732380030e+02
4.015557038025350245e+00 1.475917233551936533e+03
4.015563709139425619e+00 2.006541261226220740e+03
4.015570380253501881e+00 2.186050720313927741e+03
4.015577051367578143e+00 1.987418391011562790e+03
4.015583722481654405e+00 1.448991419381124388e+03
4.015590393595729779e+00 6.673013945294565019e+02
4.015597064709806041e+00 2.231556848818319168e+02
4.015603735823882303e+00 1.062463355160942683e+03
4.015610406937958565e+00 1.711114106012806815e+03
4.015617078052033939e+00 2.058449604492706840e+03
4.015623749166110201e+00 2.047834596782352264e+03
4.015630420280186463e+00 1.684873255902167557e+03
4.015637091394262725e+00 1.035791324220402885e+03
4.015643762508338988e+00 2.163978201189420361e+02
4.015650433622414361e+00 6.350329769675736316e+02
4.015657104736490624e+00 1.365945954130949758e+03
4.015663775850566886e+00 1.854477361748401336e+03
4.015670446964643148e+00 2.018825665696844453e+03
4.015677118078718522e+00 1.833972509122106203e+03
4.015683789192794784e+00 1.335289057816568629e+03
4.015690460306871046e+00 6.119724519376128455e+02
4.015697131420947308e+00 2.120084141250427763e+02
4.015703802535022682e+00 9.880069561300207397e+02
4.015710473649098944e+00 1.587459361844867999e+03
4.015717144763175206e+00 1.907793020969927738e+03
4.015723815877251468e+00 1.896525489062971246e+03
4.015730486991326842e+00 1.558827180214900636e+03
4.015737158105403104e+00 9.560737715525419844e+02
4.015743829219479366e+00 1.958337741899618152e+02
4.015750500333555628e+00 5.944180306418950295e+02
4.015757171447631002e+00 1.272146785605401419e+03
4.015763842561707264e+00 1.724637064090282593e+03
4.015770513675783526e+00 1.875900717847044916e+03
4.015777184789859788e+00 1.702698581878604728e+03
4.015783855903936050e+00 1.237918268526030943e+03
4.015790527018011424e+00 5.645311946273321837e+02
4.015797198132087686e+00 2.024968145599663956e+02
4.015803869246163949e+00 9.241525978355019788e+02
4.015810540360240211e+00 1.481289652869612382e+03
4.015817211474315584e+00 1.778316758605279119e+03
4.015823882588391847e+00 1.766370864782729768e+03
4.015830553702468109e+00 1.450304217075702127e+03
4.015837224816544371e+00 8.873681386209009361e+02
4.015843895930619745e+00 1.780907659174320656e+02
4.015850567044696007e+00 5.594219634931521341e+02
4.015857238158772269e+00 1.191198870962688261e+03
4.015863909272848531e+00 1.612477861740991557e+03
4.015870580386923905e+00 1.752331544668784318e+03
4.015877251501000167e+00 1.589105718177127528e+03
4.015883922615076429e+00 1.153586057389699818e+03
4.015890593729152691e+00 5.233944740795978987e+02
4.015897264843228065e+00 1.942929258449571250e+02
4.015903935957304327e+00 8.687903894002276957e+02
4.015910607071380589e+00 1.389141044912392317e+03
4.015917278185456851e+00 1.665843391567304252e+03
4.015923949299533113e+00 1.653216729252466166e+03
4.015930620413608487e+00 1.355878506521845566e+03
4.015937291527684749e+00 8.275309720402788116e+02
4.015943962641761011e+00 1.626238813340296474e+02
4.015950633755837273e+00 5.289598265522038218e+02
4.015957304869912647e+00 1.120632233452523224e+03
4.015963975983988909e+00 1.514616191268320335e+03
4.015970647098065172e+00 1.644429934395955115e+03
4.015977318212141434e+00 1.489839138949495918e+03
4.015983989326216808e+00 1.079829000026817312e+03
4.015990660440293070e+00 4.873763065952093143e+02
4.015997331554369332e+00 1.871508046833597234e+02
4.016004002668445594e+00 8.203353558420254785e+02
4.016010673782520968e+00 1.308407823396306640e+03
4.016017344896597230e+00 1.567226229704303250e+03
4.016024016010673492e+00 1.553929844465887754e+03
4.016030687124749754e+00 1.272962588266375633e+03
4.016037358238825128e+00 7.749412499354448300e+02
4.016044029352901390e+00 1.490206718536061601e+02
4.016050700466977652e+00 5.022089889014870892e+02
4.016057371581053914e+00 1.058571664353992901e+03
4.016064042695130176e+00 1.428479988607927680e+03
4.016070713809205550e+00 1.549388717741939672e+03
4.016077384923281812e+00 1.402342279532984321e+03
4.016084056037358074e+00 1.014767488973657805e+03
4.016090727151434336e+00 4.555706784100734694e+02
4.016097398265509710e+00 1.808824086153197470e+02
4.016104069379585972e+00 7.775737562529668594e+02
4.016110740493662234e+00 1.237092207625306173e+03
4.016117411607738497e+00 1.480049885767437218e+03
4.016124082721813870e+00 1.466102339207943942e+03
4.016130753835890133e+00 1.199565715717877083e+03
4.016137424949966395e+00 7.283503566454712654e+02
4.016144096064042657e+00 1.369632828576925192e+02
4.016150767178118031e+00 4.785343809908856088e+02
4.016157438292194293e+00 1.003567864370835764e+03
4.016164109406270555e+00 1.352079167946138796e+03
4.016170780520346817e+00 1.465033514135128598e+03
4.016177451634422191e+00 1.324632715962960219e+03
4.016184122748498453e+00 9.569424569080255196e+02
4.016190793862574715e+00 4.272735379853420454e+02
4.016197464976650977e+00 1.753415153946737917e+02
4.016204136090727239e+00 7.395604093047114702e+02
4.016210807204802613e+00 1.173636827399902359e+03
4.016217478318878875e+00 1.402429494359467526e+03
4.016224149432955137e+00 1.387853284218988165e+03
4.016230820547031399e+00 1.134131217289601864e+03
4.016237491661106773e+00 6.867809487214872206e+02
4.016244162775183035e+00 1.262028836653164348e+02
4.016250833889259297e+00 4.574379238695007643e+02
4.016257505003335559e+00 9.544830225802094219e+02
4.016264176117410933e+00 1.283849830730222266e+03
4.016270847231487195e+00 1.389653941182386006e+03
4.016277518345563458e+00 1.255149561270282675e+03
4.016284189459639720e+00 9.052039934294734849e+02
4.016290860573715094e+00 4.019294926354877475e+02
4.016297531687791356e+00 1.704127168661135556e+02
4.016304202801867618e+00 7.055483085490658368e+02
4.016310873915943880e+00 1.116809702640716978e+03
4.016317545030019254e+00 1.332872637687042243e+03
4.016324216144095516e+00 1.317692023996410398e+03
4.016330887258171778e+00 1.075424302324255905e+03
4.016337558372248040e+00 6.494570801552412149e+02
4.016344229486324302e+00 1.165419772244371472e+02
4.016350900600399676e+00 4.385234834926760641e+02
4.016357571714475938e+00 9.104114012030865979e+02
4.016364242828552200e+00 1.222545975822628407e+03
4.016370913942628462e+00 1.321886115819696215e+03
4.016377585056703836e+00 1.192647078289959836e+03
4.016384256170780098e+00 8.586335822478484943e+02
4.016390927284856360e+00 3.790945411634172615e+02
4.016397598398932622e+00 1.660037154799023256e+02
4.016404269513007996e+00 6.749392716314655445e+02
4.016410940627084258e+00 1.065623479918914200e+03
4.016417611741160520e+00 1.270182260135127763e+03
4.016424282855236783e+00 1.254421946357848583e+03
4.016430953969312156e+00 1.022452954468026633e+03
4.016437625083388419e+00 6.157548683017070061e+02
4.016444296197464681e+00 1.078218980927510842e+02
4.016450967311540943e+00 4.214720601388359569e+02
4.016457638425616317e+00 8.706230386516411954e+02
4.016464309539692579e+00 1.167162631488715078e+03
4.016470980653768841e+00 1.260629139544599184e+03
4.016477651767845103e+00 1.136118964081900003e+03
4.016484322881921365e+00 8.164886852840494385e+02
4.016490993995996739e+00 3.584094823592795365e+02
4.016497665110073001e+00 1.620398191903830423e+02
4.016504336224149263e+00 6.472486370680454684e+02
4.016511007338225525e+00 1.019277587385126253e+03
4.016517678452300899e+00 1.213387044957259377e+03
4.016524349566377161e+00 1.197071387404411780e+03
4.016531020680453423e+00 9.744110618916843123e+02
4.016537691794529685e+00 5.851669837055295602e+02
4.016544362908605059e+00 9.991380719409818312e+01
4.016551034022681321e+00 4.060238867856290312e+02
4.016557705136757583e+00 8.345230821286995706e+02
4.016564376250833845e+00 1.116880262711469641e+03
4.016571047364909219e+00 1.204984627696621374e+03
4.016577718478985481e+00 1.084743462807067090e+03
4.016584389593061744e+00 7.781625253804159001e+02
4.016591060707138006e+00 3.395805935583723567e+02
4.016597731821213380e+00 1.584599394178121372e+02
4.016604402935289642e+00 6.220795550999879424e+02
4.016611074049365904e+00 9.771160615148363604e+02
4.016617745163442166e+00 1.161690598520647427e+03
4.016624416277518428e+00 1.144843145037907107e+03
4.016631087391593802e+00 9.306368185660202244e+02
4.016637758505670064e+00 5.572766473156867733e+02
4.016644429619746326e+00 9.271209598701024390e+01
4.016651100733822588e+00 3.919652924138545700e+02
4.016657771847897962e+00 8.016219111506394484e+02
4.016664442961974224e+00 1.071023886588236564e+03
4.016671114076050486e+00 1.154212190757381450e+03
4.016677785190126748e+00 1.037842915060426321e+03
4.016684456304202122e+00 7.431544151798638040e+02
4.016691127418278384e+00 3.223653623330910136e+02
4.016697798532354646e+00 1.552136314963837833e+02
4.016704469646430908e+00 5.991039631060666579e+02
4.016711140760506282e+00 9.385963074241080903e+02
4.016717811874582544e+00 1.114433769831371364e+03
4.016724482988658806e+00 1.097077005719713497e+03
4.016731154102735069e+00 8.905818162409611887e+02
4.016737825216810442e+00 5.317382913069826600e+02
4.016744496330886705e+00 8.612948274306161522e+01
4.016751167444962967e+00 3.791189123768973559e+02
4.016757838559039229e+00 7.715128536442182394e+02
4.016764509673115491e+00 1.029032548023178833e+03
4.016771180787190865e+00 1.107696164900708027e+03
4.016777851901267127e+00 9.948535001986113002e+02
4.016784523015343389e+00 7.110475426418181542e+02
4.016791194129419651e+00 3.065617927138688970e+02
4.016797865243495025e+00 1.522588756361815285e+02
4.016804536357571287e+00 5.780483007251137906e+02
4.016811207471647549e+00 9.032656219313878410e+02
4.016817878585723811e+00 1.071066308189437223e+03
4.016824549699799185e+00 1.053221532028217780e+03
4.016831220813875447e+00 8.537877549149559400e+02
4.016837891927951709e+00 5.082629735112063258e+02
4.016844563042027971e+00 8.009331684839840193e+01
4.016851234156103345e+00 3.673362923975413423e+02
4.016857905270179607e+00 7.438553340811806720e+02
4.016864576384255869e+00 9.904362166051594158e+02
4.016871247498332131e+00 1.064920409578397994e+03
4.016877918612407505e+00 9.553022954651995633e+02
4.016884589726483767e+00 6.814921137232668116e+02
4.016891260840560030e+00 2.920002847071652354e+02
4.016897931954636292e+00 1.495603906683402045e+02
4.016904603068712554e+00 5.586826440046785365e+02
4.016911274182787928e+00 8.707433186695616314e+02
4.016917945296864190e+00 1.031125265638706423e+03
4.016924616410940452e+00 1.012812546859319809e+03
4.016931287525016714e+00 8.198686660495656042e+02
4.016937958639092088e+00 4.866072357792588150e+02
4.016944629753168350e+00 7.454276169146751840e+01
4.016951300867244612e+00 3.564922296046916017e+02
4.016957971981320874e+00 7.183619699531483320e+02
4.016964643095396248e+00 9.548380819773370831e+02
4.016971314209472510e+00 1.025448978709457378e+03
4.016977985323548772e+00 9.187896679198370293e+02
4.016984656437625034e+00 6.541924034175125371e+02
4.016991327551700408e+00 2.785373904311379647e+02
4.016997998665776670e+00 1.470883364966206557e+02
4.017004669779852932e+00 5.408123380981930950e+02
4.017011340893929194e+00 8.407069555087209665e+02
4.017018012008004568e+00 9.942183435747926978e+02
4.017024683122080830e+00 9.754565301941174766e+02
4.017031354236157092e+00 7.884971849013392102e+02
4.017038025350233355e+00 4.665644929003846073e+02
4.017044696464309617e+00 6.942662363445808182e+01
4.017051367578384991e+00 3.464803921728379805e+02
4.017058038692461253e+00 6.947885771179538779e+02
4.017064709806537515e+00 9.219008309797507081e+02
4.017071380920613777e+00 9.889111281176408283e+02
4.017078052034689151e+00 8.849756069282111639e+02
4.017084723148765413e+00 6.288966977424032621e+02
4.017091394262841675e+00 2.660509617621275993e+02
4.017098065376917937e+00 1.448173055565347909e+02
4.017104736490993311e+00 5.242714853695182455e+02
4.017111407605069573e+00 8.128816059379773833e+02
4.017118078719145835e+00 9.600109110912012511e+02
4.017124749833222097e+00 9.408176677810262163e+02
4.017131420947297471e+00 7.593938346306822496e+02
4.017138092061373733e+00 4.479583073267416466e+02
4.017144763175449995e+00 6.470166455923855153e+01
4.017151434289526257e+00 3.372098942638565973e+02
4.017158105403601631e+00 6.729263474003223564e+02
4.017164776517677893e+00 8.913358994785240839e+02
4.017171447631754155e+00 9.549895652507548220e+02
4.017178118745830417e+00 8.535690049787575617e+02
4.017184789859906680e+00 6.053894000524502417e+02
4.017191460973982053e+00 2.544363393595812397e+02
4.017198132088058316e+00 1.427255299089627272e+02
4.017204803202134578e+00 5.089178239891620592e+02
4.017211474316210840e+00 7.870314180002097828e+02
4.017218145430286214e+00 9.282157843838251665e+02
4.017224816544362476e+00 9.086076480268295654e+02
4.017231487658438738e+00 7.323185789699363113e+02
4.017238158772515000e+00 4.306370829655608077e+02
4.017244829886590374e+00 6.033127919827867913e+01
4.017251501000666636e+00 3.286025896587923398e+02
4.017258172114742898e+00 6.525956664654230508e+02
4.017264843228819160e+00 8.628949731446375608e+02
4.017271514342894534e+00 9.234111515498012750e+02
4.017278185456970796e+00 8.243191710494191966e+02
4.017284856571047058e+00 5.834847778355391483e+02
4.017291527685123320e+00 2.436033315251764861e+02
4.017298198799198694e+00 1.407942531001190218e+02
4.017304869913274956e+00 4.946286637370344010e+02
4.017311541027351218e+00 7.629529104238533819e+02
4.017318212141427480e+00 8.985851054557366524e+02
4.017324883255503742e+00 8.785775494936115138e+02
4.017331554369579116e+00 7.070641020599953208e+02
4.017338225483655378e+00 4.144698425945857139e+02
4.017344896597731640e+00 5.628445180392762381e+01
4.017351567711807903e+00 3.205909159817013006e+02
4.017358238825883276e+00 6.336411839829315795e+02
4.017364909939959539e+00 8.363632062886051699e+02
4.017371581054035801e+00 8.939394802944840421e+02
4.017378252168112063e+00 7.970090518003348734e+02
4.017384923282187437e+00 5.630219647567387256e+02
4.017391594396263699e+00 2.334737988687257086e+02
4.017398265510339961e+00 1.390072271446729246e+02
4.017404936624416223e+00 4.812976326364243391e+02
4.017411607738491597e+00 7.404696037622405811e+02
4.017418278852567859e+00 8.709038336472874562e+02
4.017424949966644121e+00 8.505113363342263710e+02
4.017431621080720383e+00 6.834504168700397031e+02
4.017438292194795757e+00 3.993428375378084638e+02
4.017444963308872019e+00 5.253492875990415456e+01
4.017451634422948281e+00 3.131161617575176024e+02
4.017458305537024543e+00 6.159278508597716382e+02
4.017464976651099917e+00 8.115537671324387929e+02
4.017471647765176179e+00 8.663689029614947685e+02
4.017478318879252441e+00 7.714497730487371427e+02
4.017484989993328703e+00 5.438609343587866078e+02
4.017491661107404965e+00 2.239797068207368227e+02
4.017498332221480339e+00 1.373503072078052298e+02
4.017505003335556601e+00 4.688320513270027732e+02
4.017511674449632864e+00 7.194276852667841240e+02
4.017518345563709126e+00 8.449844884126941906e+02
4.017525016677784500e+00 8.242206012197093514e+02
4.017531687791860762e+00 6.613205059601675657e+02
4.017538358905937024e+00 3.851568053489287422e+02
4.017545030020013286e+00 4.906055718895994744e+01
4.017551701134088660e+00 3.061270635377515532e+02
4.017558372248164922e+00 5.993377076496078644e+02
4.017565043362241184e+00 7.883034160972338213e+02
4.017571714476317446e+00 8.405196845730505402e+02
4.017578385590392820e+00 7.474762105801190728e+02
4.017585056704469082e+00 5.258792313333024140e+02
4.017591727818545344e+00 2.150615444002332310e+02
4.017598398932621606e+00 1.358111225241035527e+02
4.017605070046696980e+00 4.571507989064621711e+02
4.017611741160773242e+00 6.996924831826613627e+02
4.017618412274849504e+00 8.206628712734449209e+02
4.017625083388925766e+00 7.995402856106958325e+02
4.017631754503002028e+00 6.405367704908703672e+02
4.017638425617077402e+00 3.718247351417047639e+02
4.017645096731153664e+00 4.584275455802724508e+01
4.017651767845229926e+00 2.995786614133890566e+02
4.017658438959306189e+00 5.837672648113630203e+02
4.017665110073381562e+00 7.664688960066739583e+02
4.017671781187457825e+00 8.162340468328919769e+02
4.017678452301534087e+00 7.249433709657914733e+02
4.017685123415610349e+00 5.089692992094604733e+02
4.017691794529685723e+00 2.066670306022434715e+02
4.017698465643761985e+00 1.343788067903740568e+02
4.017705136757838247e+00 4.461825657538535665e+02
4.017711807871914509e+00 6.811455793529413540e+02
4.017718478985989883e+00 7.977945607421294199e+02
4.017725150100066145e+00 7.763251716416375530e+02
4.017731821214142407e+00 6.209781187620894798e+02
4.017738492328218669e+00 3.592700339574769259e+02
4.017745163442294043e+00 4.286607636027446233e+01
4.017751834556370305e+00 2.934313591951945455e+02
4.017758505670446567e+00 5.691253497789450648e+02
4.017765176784522829e+00 7.459239654974400082e+02
4.017771847898599091e+00 7.933729147580227163e+02
4.017778519012674465e+00 7.037234148132118889e+02
4.017785190126750727e+00 4.930362816274044917e+02
4.017791861240826989e+00 1.987500495715020463e+02
4.017798532354903251e+00 1.330437766501588897e+02
4.017805203468978625e+00 4.358644137510491987e+02
4.017811874583054887e+00 6.636824289841330256e+02
4.017818545697131150e+00 7.762520218695005951e+02
4.017825216811207412e+00 7.544469879970774855e+02
4.017831887925282786e+00 6.025375626857805855e+02
4.017838559039359048e+00 3.474250132449221837e+02
4.017845230153435310e+00 4.011785844323610206e+01
4.017851901267511572e+00 2.876501482663217644e+02
4.017858572381586946e+00 5.553313278624759732e+02
4.017865243495663208e+00 7.265569454492491559e+02
4.017871914609739470e+00 7.718132251607299850e+02
4.017878585723815732e+00 6.837031926454752693e+02
4.017885256837891106e+00 4.779962015307315824e+02
4.017891927951967368e+00 1.912697688993931138e+02
4.017898599066043630e+00 1.317975477594259246e+02
4.017905270180119892e+00 4.261405832158089311e+02
4.017911941294196154e+00 6.472103870092546458e+02
4.017918612408271528e+00 7.559222083693127843e+02
4.017925283522347790e+00 7.337920081078101475e+02
4.017931954636424052e+00 5.851202228658388549e+02
4.017938625750500314e+00 3.362296312637362803e+02
4.017945296864575688e+00 3.758790922896826459e+01
4.017951967978651950e+00 2.822039616689437480e+02
4.017958639092728212e+00 5.423136225691099526e+02
4.017965310206804475e+00 7.082686784086988609e+02
4.017971981320879848e+00 7.514456868925118442e+02
4.017978652434956111e+00 6.647821941178448242e+02
4.017985323549032373e+00 4.637744450679526835e+02
4.017991994663108635e+00 1.841899045917380988e+02
4.017998665777184009e+00 1.306325819245524258e+02
4.018005336891260271e+00 4.169614978226441053e+02
4.018012008005336533e+00 6.316470618451656946e+02
4.018018679119412795e+00 7.367045620711134006e+02
4.018025350233488169e+00 7.142590454946333693e+02
4.018032021347564431e+00 5.686416627444665437e+02
4.018038692461640693e+00 3.256304434627447222e+02
4.018045363575716955e+00 3.526822967041147194e+01
4.018052034689793217e+00 2.770651352712280300e+02
4.018058705803868591e+00 5.300084784783168743e+02
4.018065376917944853e+00 6.909708214020072319e+02
4.018072048032021115e+00 7.321729068318419422e+02
4.018078719146097377e+00 6.468708311198768115e+02
4.018085390260172751e+00 4.503044921822199740e+02
4.018092061374249013e+00 1.774781059425470744e+02
4.018098732488325275e+00 1.295421589428220841e+02
4.018105403602401537e+00 4.082829309077795870e+02
4.018112074716476911e+00 6.169189352626283380e+02
4.018118745830553173e+00 7.185093349343884483e+02
4.018125416944629436e+00 6.957577717887544395e+02
4.018132088058705698e+00 5.530264903356295463e+02
4.018138759172781072e+00 3.155797202910250121e+02
4.018145430286857334e+00 3.315273831012221706e+01
4.018152101400933596e+00 2.722089539322496989e+02
4.018158772515009858e+00 5.183589216201856971e+02
4.018165443629085232e+00 6.745844110111103191e+02
4.018172114743161494e+00 7.139078137822961025e+02
4.018178785857237756e+00 6.298889935695478925e+02
4.018185456971314018e+00 4.375268479631209289e+02
4.018192128085390280e+00 1.711054372493005360e+02
4.018198799199465654e+00 1.285202683460128696e+02
4.018205470313541916e+00 4.000653028077808244e+02
4.018212141427618178e+00 6.029601992691339092e+02
4.018218812541694440e+00 7.012561744683338247e+02
4.018225483655769814e+00 6.782072984693930948e+02
4.018232154769846076e+00 5.382071789631735328e+02
4.018238825883922338e+00 3.060347035733823304e+02
4.018245496997998600e+00 3.123697723780730939e+01
4.018252168112073974e+00 2.676132693867481294e+02
4.018258839226150236e+00 5.073138811401019552e+02
4.018265510340226498e+00 6.590386507265266118e+02
4.018272181454302761e+00 6.965723263922023989e+02
4.018278852568378134e+00 6.137648282909639192e+02
4.018285523682454397e+00 4.253881395161095043e+02
4.018292194796530659e+00 1.650459398059784917e+02
4.018298865910606921e+00 1.275615186468539974e+02
4.018305537024682295e+00 3.922730863697759105e+02
4.018312208138758557e+00 5.897117711586845417e+02
4.018318879252834819e+00 6.848729257291320209e+02
4.018325550366911081e+00 6.615349751188176697e+02
4.018332221480987343e+00 5.241230675940613537e+02
4.018338892595062717e+00 2.969569757723396606e+02
4.018345563709138979e+00 2.951777655165930270e+01
4.018352234823215241e+00 2.632581752933706980e+02
4.018358905937291503e+00 4.968274443722190767e+02
4.018365577051366877e+00 6.442698818265440650e+02
4.018372248165443139e+00 6.800962222547640295e+02
4.018378919279519401e+00 5.984337020471724600e+02
4.018385590393595663e+00 4.138403479548867381e+02
4.018392261507671037e+00 1.592762593728519107e+02
4.018398932621747299e+00 1.266610592915980931e+02
4.018405603735823561e+00 3.848743013836325417e+02
4.018412274849899823e+00 5.771204560057908566e+02
4.018418945963975197e+00 6.692946119906088143e+02
4.018425617078051459e+00 6.456753668322710382e+02
4.018432288192127722e+00 5.107195100994604218e+02
4.018438959306203984e+00 2.883119227996890004e+02
4.018445630420279358e+00 2.799285712899122913e+01
4.018452301534355620e+00 2.591257307250534723e+02
4.018458972648431882e+00 4.868582214500730174e+02
4.018465643762508144e+00 6.302207060575406103e+02
4.018472314876584406e+00 6.644161734431918376e+02
4.018478985990659780e+00 5.838373170083888226e+02
4.018485657104736042e+00 4.028401538574156007e+02
4.018492328218812304e+00 1.537753283430172075e+02
4.018498999332888566e+00 1.258145147884389417e+02
4.018505670446963940e+00 3.778400825519590285e+02
4.018512341561040202e+00 5.651382310446058455e+02
4.018519012675116464e+00 6.544625638464067379e+02
4.018525683789192726e+00 6.305693801361353508e+02
4.018532354903268100e+00 4.979471476645712187e+02
4.018539026017344362e+00 2.800682749510852432e+02
4.018545697131420624e+00 2.666036179261170602e+01
4.018552368245496886e+00 2.551997236957857069e+02
4.018559039359572260e+00 4.773688021725117778e+02
4.018565710473648522e+00 6.168392345327461044e+02
4.018572381587724784e+00 6.494749207491518064e+02
4.018579052701801047e+00 5.699229530674432453e+02
4.018585723815876420e+00 3.923483759577769092e+02
4.018592394929952683e+00 1.485240937553657830e+02
4.018599066044028945e+00 1.250179277914769784e+02
4.018605737158105207e+00 3.711443097481912332e+02
4.018612408272181469e+00 5.537216321635919485e+02
4.018619079386256843e+00 6.403236720682014038e+02
4.018625750500333105e+00 6.161635130861801599e+02
4.018632421614409367e+00 4.857612846117230561e+02
4.018639092728485629e+00 2.721977124641692285e+02
4.018645763842561003e+00 2.551831984175647250e+01
4.018652434956637265e+00 2.514654677298149466e+02
4.018659106070713527e+00 4.683252887952787660e+02
4.018665777184789789e+00 6.040784423090444761e+02
4.018672448298865163e+00 6.352205638066083111e+02
4.018679119412941425e+00 5.566428164932641494e+02
4.018685790527017687e+00 3.823294886628244740e+02
4.018692461641093949e+00 1.435052825567699415e+02
4.018699132755169323e+00 1.242677104419444447e+02
4.018705803869245585e+00 3.647632889132609080e+02
4.018712474983321847e+00 5.428312254789057079e+02
4.018719146097398109e+00 6.268297442779470430e+02
4.018725817211473483e+00 6.024092092124463989e+02
4.018732488325549745e+00 4.741213504547977777e+02
4.018739159439626007e+00 2.646745259195337212e+02
4.018745830553702270e+00 2.456407363239568653e+01
4.018752501667778532e+00 2.479096268064187996e+02
4.018759172781853906e+00 4.596968933609721262e+02
4.018765843895930168e+00 5.918956115530346551e+02
4.018772515010006430e+00 6.216059485345658686e+02
4.018779186124082692e+00 5.439534775635457891e+02
4.018785857238158066e+00 3.727512055158130693e+02
4.018792528352234328e+00 1.387031998993844013e+02
4.018799199466310590e+00 1.235606022164630957e+02
4.018805870580386852e+00 3.586754772548439973e+02
4.018812541694462226e+00 5.324311509393074857e+02
4.018819212808538488e+00 6.139369488493033487e+02
4.018825883922614750e+00 5.892622990525770774e+02
4.018832555036691012e+00 4.629904346886946200e+02
4.018839226150766386e+00 2.574753222302610425e+02
4.018845897264842648e+00 2.379372204865370222e+01
4.018852568378918910e+00 2.445200635402771638e+02
4.018859239492995172e+00 4.514555892283239018e+02
4.018865910607070546e+00 5.802518495777202361e+02
4.018872581721146808e+00 6.085881368270225948e+02
4.018879252835223070e+00 5.318153838358288112e+02
4.018885923949299332e+00 3.635841181976327334e+02
4.018892595063375595e+00 1.341035534398364177e+02
4.018899266177450968e+00 1.228936333306331079e+02
4.018905937291527231e+00 3.528612442693662388e+02
4.018912608405603493e+00 5.224887265081870282e+02
4.018919279519679755e+00 6.016053326658205833e+02
4.018925950633755129e+00 5.766825157880062989e+02
4.018932621747831391e+00 4.523348833165796918e+02
4.018939292861907653e+00 2.505787696035952763e+02
4.018945963975983915e+00 2.320165581479843553e+01
4.018952635090059289e+00 2.412857077531152470e+02
4.018959306204135551e+00 4.435758082443380204e+02
4.018965977318211813e+00 5.691116700756066393e+02
4.018972648432288075e+00 5.961279456662658731e+02
4.018979319546363449e+00 5.201924367447817303e+02
4.018985990660439711e+00 3.548013830015110557e+02
4.018992661774515973e+00 1.296933014513501519e+02
4.018999332888592235e+00 1.222640932864400014e+02
4.019006004002667609e+00 3.473026644220382764e+02
4.019012675116743871e+00 5.129741036782446599e+02
4.019019346230820133e+00 5.897984014431862079e+02
4.019026017344896395e+00 5.646330734555199342e+02
4.019032688458972657e+00 4.421239473990462443e+02
4.019039359573048031e+00 2.439653756357602958e+02
4.019046030687124293e+00 2.278026477516810999e+01
4.019052701801200556e+00 2.381964416197617425e+02
4.019059372915276818e+00 4.360341771258021026e+02
4.019066044029352192e+00 5.584426282425023373e+02
4.019072715143428454e+00 5.841895455160232586e+02
4.019079386257504716e+00 5.090516228184634429e+02
4.019086057371580978e+00 3.463784470485281304e+02
4.019092728485656352e+00 1.254605197590427395e+02
4.019099399599732614e+00 1.216695028086162722e+02
4.019106070713808876e+00 3.419833359906141936e+02
4.019112741827885138e+00 5.038599671369980229e+02
4.019119412941960512e+00 5.784827534478171174e+02
4.019126084056036774e+00 5.530802989322639860e+02
4.019132755170113036e+00 4.323294763740135522e+02
4.019139426284189298e+00 2.376172931256877234e+02
4.019146097398264672e+00 2.251987680374941903e+01
4.019152768512340934e+00 2.352429994829684006e+02
4.019159439626417196e+00 4.288092868578479511e+02
4.019166110740493458e+00 5.482150018550119057e+02
4.019172781854569720e+00 5.727401091004891214e+02
4.019179452968645094e+00 4.983626910385324891e+02
4.019186124082721356e+00 3.382928094059684554e+02
4.019192795196797618e+00 1.213942856837582411e+02
4.019199466310873881e+00 1.211075901285130527e+02
4.019206137424949254e+00 3.368882225127119341e+02
4.019212808539025517e+00 4.951212714983439014e+02
4.019219479653101779e+00 5.676277587430536187e+02
4.019226150767178041e+00 5.419933094759244341e+02
4.019232821881253415e+00 4.229256492150291251e+02
4.019239492995329677e+00 2.315181503553019411e+02
4.019246164109405939e+00 2.240894674118420227e+01
4.019252835223482201e+00 2.324168801525829053e+02
4.019259506337557575e+00 4.218814906928415667e+02
4.019266177451633837e+00 5.384015115589976403e+02
4.019272848565710099e+00 5.617495034579562798e+02
4.019279519679786361e+00 4.880978697944231044e+02
4.019286190793861735e+00 3.305238107701230774e+02
4.019292861907937997e+00 1.174845762216207561e+02
4.019299533022014259e+00 1.205762692853770659e+02
4.019306204136090521e+00 3.320035138001790642e+02
4.019312875250166783e+00 4.867350105188923521e+02
4.019319546364242157e+00 5.572052775606914565e+02
4.019326217478318419e+00 5.313437296436086399e+02
4.019332888592394681e+00 4.138887383606665367e+02
4.019339559706470943e+00 2.256529015999298906e+02
4.019346230820546317e+00 2.243446148766938464e+01
4.019352901934622579e+00 2.297102695823700742e+02
4.019359573048698842e+00 4.152327265839829238e+02
4.019366244162775104e+00 5.289770750490284854e+02
4.019372915276850478e+00 5.511900191116473025e+02
4.019379586390926740e+00 4.782316180810348669e+02
4.019386257505003002e+00 3.230524491314421880e+02
4.019392928619079264e+00 1.137221783096977532e+02
4.019399599733154638e+00 1.200736218811784539e+02
4.019406270847230900e+00 3.273165033426482182e+02
4.019412941961307162e+00 4.786800136312310201e+02
4.019419613075383424e+00 5.471894123653381712e+02
4.019426284189458798e+00 5.211054419071325583e+02
4.019432955303535060e+00 4.051969019952308599e+02
4.019439626417611322e+00 2.200076958044245998e+02
4.019446297531687584e+00 2.258248503585807043e+01
4.019452968645763846e+00 2.271159729915423213e+02
4.019459639759839220e+00 4.088463604848369073e+02
4.019466310873915482e+00 5.199185902504008254e+02
4.019472981987991744e+00 5.410361312885778489e+02
4.019479653102068006e+00 4.687404059204573059e+02
4.019486324216143380e+00 3.158612168408911884e+02
4.019492995330219642e+00 1.100986100053031009e+02
4.019499666444295904e+00 1.195978803492316302e+02
4.019506337558372167e+00 3.228154804529372086e+02
4.019513008672447540e+00 4.709367665725802112e+02
4.019519679786523803e+00 5.375562888796179095e+02
4.019526350900600065e+00 5.112543665009793585e+02
4.019533022014676327e+00 3.968300001166350626e+02
4.019539693128751701e+00 2.145697602749039277e+02
4.019546364242827963e+00 2.283874830769786612e+01
4.019553035356904225e+00 2.246273546343206249e+02
4.019559706470980487e+00 4.027070481429652773e+02
4.019566377585055861e+00 5.112047437597803423e+02
4.019573048699132123e+00 5.312642888129703351e+02
4.019579719813208385e+00 4.596025203712125631e+02
4.019586390927284647e+00 3.089339564906255191e+02
4.019593062041360909e+00 1.066060503906378756e+02
4.019599733155436283e+00 1.191474134317612652e+02
4.019606404269512545e+00 3.184896343587179786e+02
4.019613075383588807e+00 4.634872525280891296e+02
4.019619746497665069e+00 5.282838623785812615e+02
4.019626417611740443e+00 5.017682665460353064e+02
4.019633088725816705e+00 3.887694322291208664e+02
4.019639759839892967e+00 2.093272977887708919e+02
4.019646430953969229e+00 2.318919687476581259e+01
4.019653102068044603e+00 2.222382846688235531e+02
4.019659773182120865e+00 3.968006124130073999e+02
4.019666444296197128e+00 5.028158410839983503e+02
4.019673115410273390e+00 5.218527270063115111e+02
4.019679786524348764e+00 4.507978933931715346e+02
4.019686457638425026e+00 3.022557333677185625e+02
4.019693128752501288e+00 1.032372780666878498e+02
4.019699799866577550e+00 1.187207133885963799e+02
4.019706470980652924e+00 3.143289697300596686e+02
4.019713142094729186e+00 4.563148112198543913e+02
4.019719813208805448e+00 5.193517457359761238e+02
4.019726484322881710e+00 4.926265750534533367e+02
4.019733155436957972e+00 3.809979928718730662e+02
4.019739826551033346e+00 2.042693955221015187e+02
4.019746497665109608e+00 2.362043636522885492e+01
4.019753168779185870e+00 2.199430919250465593e+02
4.019759839893262132e+00 3.911139344817482311e+02
4.019766511007337506e+00 4.947336557450891519e+02
4.019773182121413768e+00 5.127813014896703407e+02
4.019779853235490030e+00 4.423079490854289588e+02
4.019786524349566292e+00 2.958127218451933231e+02
4.019793195463641666e+00 9.998561581801779141e+01
4.019799866577717928e+00 1.183163843794930301e+02
4.019806537691794190e+00 3.103242310647501085e+02
4.019813208805870453e+00 4.494040136905271652e+02
4.019819879919945826e+00 5.107410565592339822e+02
4.019826551034022089e+00 4.838102411487319046e+02
4.019833222148098351e+00 3.734997433829216220e+02
4.019839893262174613e+00 1.993859434283981784e+02
4.019846564376249987e+00 2.412004858271810193e+01
4.019853235490326249e+00 2.177365216023974597e+02
4.019859906604402511e+00 3.856348568843099542e+02
4.019866577718478773e+00 4.869412951792766648e+02
4.019873248832555035e+00 5.040313401891423837e+02
4.019879919946630409e+00 4.341154675595407184e+02
4.019886591060706671e+00 2.895921044550541410e+02
4.019893262174782933e+00 9.684488199651167406e+01
4.019899933288859195e+00 1.179331323924369030e+02
4.019906604402934569e+00 3.064668355437535183e+02
4.019913275517010831e+00 4.427405505818986740e+02
4.019919946631087093e+00 5.024342809120759057e+02
4.019926617745163355e+00 4.753015928546068949e+02
4.019933288859238729e+00 3.662598973535434084e+02
4.019939959973314991e+00 1.946675622053363099e+02
4.019946631087391253e+00 2.467677900235199928e+01
4.019953302201467515e+00 2.156136981039290390e+02
4.019959973315542889e+00 3.803520971250957246e+02
4.019966644429619151e+00 4.794230808164650739e+02
4.019973315543695414e+00 4.955855112896146579e+02
4.019979986657771676e+00 4.262044634096367872e+02
4.019986657771847050e+00 2.835819815952174281e+02
4.019993328885923312e+00 9.380934689557318507e+01
4.019999999999999574e+00 1.175697559732018362e+02
