4.009999999999999787e+00 2.421881233130852422e+02
4.010006671114076049e+00 4.392090168666765635e+02
4.010013342228152311e+00 5.220642082286431105e+02
4.010020013342227685e+00 4.665937170509653242e+02
4.010026684456303947e+00 2.880760132198947758e+02
4.010033355570380209e+00 5.976778987675579202e+01
4.010040026684456471e+00 2.450374606301496669e+02
4.010046697798531845e+00 4.439531495320968020e+02
4.010053368912608107e+00 5.273837857648534282e+02
4.010060040026684369e+00 4.710373485007158934e+02
4.010066711140760631e+00 2.904125856463150512e+02
4.010073382254836005e+00 5.949776976187406774e+01
4.010080053368912267e+00 2.479441009919436851e+02
4.010086724482988529e+00 4.487863683288400694e+02
4.010093395597064792e+00 5.328012704056375242e+02
4.010100066711140165e+00 4.755617002879422444e+02
4.010106737825216427e+00 2.927910426498783636e+02
4.010113408939292690e+00 5.922543611755238402e+01
4.010120080053368952e+00 2.509096027896031558e+02
4.010126751167444326e+00 4.537111605334492879e+02
4.010133422281520588e+00 5.383194114460555966e+02
4.010140093395596850e+00 4.801690425175984274e+02
4.010146764509673112e+00 2.952125542594188232e+02
4.010153435623749374e+00 5.895080532513541272e+01
4.010160106737824748e+00 2.539355837372165752e+02
4.010166777851901010e+00 4.587301078271480606e+02
4.010173448965977272e+00 5.439410624890849704e+02
4.010180120080053534e+00 4.848617316379911131e+02
4.010186791194128908e+00 2.976783353666388052e+02
4.010193462308205170e+00 5.867390034089731188e+01
4.010200133422281432e+00 2.570237239483652729e+02
4.010206804536357694e+00 4.638458906637881114e+02
4.010213475650433068e+00 5.496691864091690150e+02
4.010220146764509330e+00 4.896422144988381433e+02
4.010226817878585592e+00 3.001896475661138197e+02
4.010233488992661854e+00 5.839475146118839177e+01
4.010240160106737228e+00 2.601757687259634508e+02
4.010246831220813490e+00 4.690612931019033454e+02
4.010253502334889752e+00 5.555068606644477995e+02
4.010260173448966015e+00 4.945130327266252834e+02
4.010266844563041388e+00 3.027478017154448366e+02
4.010273515677117651e+00 5.811339719101335533e+01
4.010280186791193913e+00 2.633935319828331671e+02
4.010286857905270175e+00 4.743792078893683879e+02
4.010293529019346437e+00 5.614572828610509987e+02
4.010300200133421811e+00 4.994768274225144182e+02
4.010306871247498073e+00 3.053541600999159300e+02
4.010313542361574335e+00 5.782988494370830779e+01
4.010320213475650597e+00 2.666788993373046424e+02
4.010326884589725971e+00 4.798026416962337635e+02
4.010333555703802233e+00 5.675237766838740754e+02
4.010340226817878495e+00 5.045363439500913501e+02
4.010346897931954757e+00 3.080101391400747843e+02
4.010353569046030131e+00 5.754427209097814711e+01
4.010360240160106393e+00 2.700338317826919479e+02
4.010366911274182655e+00 4.853347209265652964e+02
4.010373582388258917e+00 5.737097981755601950e+02
4.010380253502334291e+00 5.096944372848615217e+02
4.010386924616410553e+00 3.107172120558413440e+02
4.010393595730486815e+00 5.725662687067514156e+01
4.010400266844563077e+00 2.734603696007278018e+02
4.010406937958638451e+00 4.909786975416902237e+02
4.010413609072714713e+00 5.800189423775336763e+02
4.010420280186790976e+00 5.149540774000190595e+02
4.010426951300867238e+00 3.134769115675019862e+02
4.010433622414943500e+00 5.696702957062061756e+01
4.010440293529018874e+00 2.769606360868369279e+02
4.010446964643095136e+00 4.967379556236230655e+02
4.010453635757171398e+00 5.864549504112304703e+02
4.010460306871247660e+00 5.203183552070216820e+02
4.010466977985323034e+00 3.162908332217385805e+02
4.010473649099399296e+00 5.667557373089659478e+01
4.010480320213475558e+00 2.805368420422704503e+02
4.010486991327551820e+00 5.026160179521731379e+02
4.010493662441627194e+00 5.930217169235850179e+02
4.010500333555703456e+00 5.257904887475912119e+02
4.010507004669779718e+00 3.191606383553568662e+02
4.010513675783855980e+00 5.638236741084163128e+01
4.010520346897931354e+00 2.841912900709293126e+02
4.010527018012007616e+00 5.086165532725432854e+02
4.010533689126083878e+00 5.997232981154547815e+02
4.010540360240160140e+00 5.313738296994712300e+02
4.010547031354235514e+00 3.220880577226081414e+02
4.010553702468311776e+00 5.608753480292413229e+01
4.010560373582388038e+00 2.879263796487421700e+02
4.010567044696464301e+00 5.147433839639642201e+02
4.010573715810540563e+00 6.065639201249285861e+02
4.010580386924615937e+00 5.370718705667427457e+02
4.010587058038692199e+00 3.250748949054393506e+02
4.010593729152768461e+00 5.579121768903980438e+01
4.010600400266844723e+00 2.917446119137880487e+02
4.010607071380920097e+00 5.210004940229270005e+02
4.010613742494996359e+00 6.135479880789433764e+02
4.010620413609072621e+00 5.428882519712788053e+02
4.010627084723148883e+00 3.281230304428980844e+02
4.010633755837224257e+00 5.549357734709589351e+01
4.010640426951300519e+00 2.956485952518652311e+02
4.010647098065376781e+00 5.273920378803449012e+02
4.010653769179453043e+00 6.206800956412066625e+02
4.010660440293528417e+00 5.488267707529698782e+02
4.010667111407604679e+00 3.312344258128268280e+02
4.010673782521680941e+00 5.519479635736422551e+01
4.010680453635757203e+00 2.996410511177485319e+02
4.010687124749832577e+00 5.339223493847747477e+02
4.010693795863908839e+00 6.279650352148848924e+02
4.010700466977985101e+00 5.548913882259570300e+02
4.010707138092061363e+00 3.344111277823205910e+02
4.010713809206137626e+00 5.489508085383445035e+01
4.010720480320212999e+00 3.037248199924626419e+02
4.010727151434289262e+00 5.405959517738933755e+02
4.010733822548365524e+00 6.354078088079836562e+02
4.010740493662441786e+00 5.610862393989399379e+02
4.010747164776517160e+00 3.376552732635031475e+02
4.010753835890593422e+00 5.459466281590540149e+01
4.010760507004669684e+00 3.079028682218134350e+02
4.010767178118745946e+00 5.474175679972711350e+02
4.010773849232821320e+00 6.430136395993065435e+02
4.010780520346897582e+00 5.674156424983657416e+02
4.010787191460973844e+00 3.409690940282749239e+02
4.010793862575050106e+00 5.429380256653909953e+01
4.010800533689125480e+00 3.121782946832360039e+02
4.010807204803201742e+00 5.543921318607192461e+02
4.010813875917278004e+00 6.507879843280929890e+02
4.010820547031354266e+00 5.738841091420717930e+02
4.010827218145429640e+00 3.443549223961679786e+02
4.010833889259505902e+00 5.399279169122763022e+01
4.010840560373582164e+00 3.165543385330234969e+02
4.010847231487658426e+00 5.615248000915626108e+02
4.010853902601734688e+00 6.587365464655181313e+02
4.010860573715810062e+00 5.804963554637615744e+02
4.010867244829886324e+00 3.478151965354796857e+02
4.010873915943962587e+00 5.369195597991851798e+01
4.010880587058038849e+00 3.210343869861842450e+02
4.010887258172114223e+00 5.688209647805673512e+02
4.010893929286190485e+00 6.668652903323551300e+02
4.010900600400266747e+00 5.872573136713879194e+02
4.010907271514343009e+00 3.513524668866003253e+02
4.010913942628418383e+00 5.339165893334643442e+01
4.010920613742494645e+00 3.256219839051784106e+02
4.010927284856570907e+00 5.762862671839870927e+02
4.010933955970647169e+00 6.751804561873799457e+02
4.010940627084722543e+00 5.941721447006077597e+02
4.010947298198798805e+00 3.549694025194931442e+02
4.010953969312875067e+00 5.309230528105761948e+01
4.010960640426951329e+00 3.303208390784060384e+02
4.010967311541026703e+00 5.839266121228289421e+02
4.010973982655102965e+00 6.836885763509844764e+02
4.010980653769179227e+00 6.012462514448776574e+02
4.010987324883255489e+00 3.586687980021542899e+02
4.010993995997331751e+00 5.279434514404012901e+01
4.011000667111407125e+00 3.351348376479630247e+02
4.011007338225483387e+00 5.917481837130691247e+02
4.011014009339559649e+00 6.923964925110612967e+02
4.011020680453635912e+00 6.084852932958851852e+02
4.011027351567711285e+00 3.624535811126825706e+02
4.011034022681787548e+00 5.249827833603471561e+01
4.011040693795863810e+00 3.400680509914838581e+02
4.011047364909940072e+00 5.997574618748022885e+02
4.011054036024015446e+00 7.013113742422440282e+02
4.011060707138091708e+00 6.158952014424725121e+02
4.011067378252167970e+00 3.663268205095915278e+02
4.011074049366244232e+00 5.220465913649093181e+01
4.011080720480319606e+00 3.451247475483309586e+02
4.011087391594395868e+00 6.079612403296796401e+02
4.011094062708472130e+00 7.104407388955745546e+02
4.011100733822548392e+00 6.234821953395786522e+02
4.011107404936623766e+00 3.702917346840844743e+02
4.011114076050700028e+00 5.191410155324413722e+01
4.011120747164776290e+00 3.503094051866590348e+02
4.011127418278852552e+00 6.163666458574172111e+02
4.011134089392928814e+00 7.197924729244683704e+02
4.011140760507004188e+00 6.312528005727401705e+02
4.011147431621080450e+00 3.743517008576365583e+02
4.011154102735156712e+00 5.162728487632995922e+01
4.011160773849232974e+00 3.556267239446544295e+02
4.011167444963308348e+00 6.249811588084734240e+02
4.011174116077384610e+00 7.293748548385665345e+02
4.011180787191460873e+00 6.392138677091354566e+02
4.011187458305537135e+00 3.785102651294511134e+02
4.011194129419612509e+00 5.134495992737453918e+01
4.011200800533688771e+00 3.610816399895141444e+02
4.011207471647765033e+00 6.338126355024774057e+02
4.011214142761841295e+00 7.391965798584507183e+02
4.011220813875916669e+00 6.473725930448131294e+02
4.011227484989992931e+00 3.827711530538110765e+02
4.011234156104069193e+00 5.106795558290382786e+01
4.011240827218145455e+00 3.666793407896610120e+02
4.011247498332220829e+00 6.428693318755638302e+02
4.011254169446297091e+00 7.492667864660712667e+02
4.011260840560373353e+00 6.557365404495131997e+02
4.011267511674449615e+00 3.871382809507471734e+02
4.011274182788525877e+00 5.079718601107779108e+01
4.011280853902601251e+00 3.724252809030288063e+02
4.011287525016677513e+00 6.521599294966122216e+02
4.011294196130753775e+00 7.595950850234453355e+02
4.011300867244830037e+00 6.643136652957786055e+02
4.011307538358905411e+00 3.916157686311869952e+02
4.011314209472981673e+00 5.053365834239254895e+01
4.011320880587057935e+00 3.783251996789607574e+02
4.011327551701134198e+00 6.616935630806826794e+02
4.011334222815209571e+00 7.701915886167975032e+02
4.011340893929285834e+00 6.731123400667142960e+02
4.011347565043362096e+00 3.962079524154625574e+02
4.011354236157438358e+00 5.027848089758104067e+01
4.011360907271513732e+00 3.843851397630851352e+02
4.011367578385589994e+00 6.714798505734373748e+02
4.011374249499666256e+00 7.810669463539039725e+02
4.011380920613742518e+00 6.821413819354539783e+02
4.011387591727817892e+00 4.009193998226800204e+02
4.011394262841894154e+00 5.003287209314562034e+01
4.011400933955970416e+00 3.906114677117205360e+02
4.011407605070046678e+00 6.815289255533263031e+02
4.011414276184122940e+00 7.922323793905205775e+02
4.011420947298198314e+00 6.914100829380333835e+02
4.011427618412274576e+00 4.057549248149942969e+02
4.011434289526350838e+00 4.979816975481301711e+01
4.011440960640427100e+00 3.970108955403735536e+02
4.011447631754502474e+00 6.918514720921932621e+02
4.011454302868578736e+00 8.036997197967300508e+02
4.011460973982654998e+00 7.009282420728507077e+02
4.011467645096731260e+00 4.107196050383988108e+02
4.011474316210806634e+00 4.957584109169976472e+01
4.011480987324882896e+00 4.035905046465967985e+02
4.011487658438959159e+00 7.024587628772263770e+02
4.011494329553035421e+00 8.154814527632416912e+02
4.011501000667110794e+00 7.107062006233321654e+02
4.011507671781187057e+00 4.158187998974395896e+02
4.011514342895263319e+00 4.936749312152151958e+01
4.011521014009339581e+00 4.103577716021834476e+02
4.011527685123414955e+00 7.133627000138455969e+02
4.011534356237491217e+00 8.275907622695659711e+02
4.011541027351567479e+00 7.207548799642230506e+02
4.011547698465643741e+00 4.210581701834993851e+02
4.011554369579720003e+00 4.917488362269342161e+01
4.011561040693795377e+00 4.173205957865532696e+02
4.011567711807871639e+00 7.245758598344749544e+02
4.011574382921947901e+00 8.400415806618434544e+02
4.011581054036024163e+00 7.310858229973680409e+02
4.011587725150099537e+00 4.264436999741648151e+02
4.011594396264175799e+00 4.899993238946396445e+01
4.011601067378252061e+00 4.244873300480206240e+02
4.011607738492328323e+00 7.361115410990711325e+02
4.011614409606403697e+00 8.528486425157904023e+02
4.011621080720479959e+00 7.417112388968162122e+02
4.011627751834556221e+00 4.319817196065862959e+02
4.011634422948632483e+00 4.884473291341299728e+01
4.011641094062707857e+00 4.318668132058405718e+02
4.011647765176784119e+00 7.479838177273404654e+02
4.011654436290860382e+00 8.660275432226134171e+02
4.011661107404936644e+00 7.526440518021578328e+02
4.011667778519012018e+00 4.376789314319105415e+02
4.011674449633088280e+00 4.871156418073064742e+01
4.011681120747164542e+00 4.394684062671975653e+02
4.011687791861240804e+00 7.602075961751239674e+02
4.011694462975317066e+00 8.795948027728669558e+02
4.011701134089392440e+00 7.638979541356579830e+02
4.011707805203468702e+00 4.435424371077165802e+02
4.011714476317544964e+00 4.860290254954104228e+01
4.011721147431621226e+00 4.473020312299662464e+02
4.011727818545696600e+00 7.727986776757906000e+02
4.011734489659772862e+00 8.935679353157098603e+02
4.011741160773849124e+00 7.754874643496251565e+02
4.011747831887925386e+00 4.495797682260513284e+02
4.011754503002000760e+00 4.852143350907141439e+01
4.011761174116077022e+00 4.553782137822004188e+02
4.011767845230153284e+00 7.857738266284435440e+02
4.011774516344229546e+00 9.079655250679635401e+02
4.011781187458304920e+00 7.874279903370736520e+02
4.011787858572381182e+00 4.557989190736528258e+02
4.011794529686457444e+00 4.847006306567567435e+01
4.011801200800533707e+00 4.637081301057894507e+02
4.011807871914609080e+00 7.991508448985412087e+02
4.011814543028685343e+00 9.228073093158589018e+02
4.011821214142761605e+00 7.997358983463957429e+02
4.011827885256837867e+00 4.622083826277092840e+02
4.011834556370914129e+00 4.845192870706240029e+01
4.011841227484989503e+00 4.723036573409507355e+02
4.011847898599065765e+00 8.129486535752429290e+02
4.011854569713142027e+00 9.381142692386054023e+02
4.011861240827218289e+00 8.124285889688807174e+02
4.011867911941293663e+00 4.688171903397660003e+02
4.011874583055369925e+00 4.847040947866011606e+01
4.011881254169446187e+00 4.811774299827243908e+02
4.011887925283522449e+00 8.271873820420502170e+02
4.011894596397597823e+00 9.539087294717896839e+02
4.011901267511674085e+00 8.255245799714490431e+02
4.011907938625750347e+00 4.756349550133559205e+02
4.011914609739826609e+00 4.852913512915232985e+01
4.011921280853901983e+00 4.903429005697613547e+02
4.011927951967978245e+00 8.418884661224860793e+02
4.011934623082054507e+00 9.702144673850503978e+02
4.011941294196130769e+00 8.390435973947071489e+02
4.011947965310206143e+00 4.826719188783446839e+02
4.011954636424282405e+00 4.863199391901663660e+01
4.011961307538358668e+00 4.998144074032998674e+02
4.011967978652434930e+00 8.570747559095621000e+02
4.011974649766511192e+00 9.870568331681032532e+02
4.011981320880586566e+00 8.530066758711145667e+02
4.011987991994662828e+00 4.899390054610702236e+02
4.011994663108739090e+00 4.878313912693204202e+01
4.012001334222815352e+00 5.096072482896943256e+02
4.012008005336890726e+00 8.727706340772376734e+02
4.012014676450966988e+00 1.004462882130580397e+03
4.012021347565043250e+00 8.674362687324943408e+02
4.012028018679119512e+00 4.974478774889458350e+02
4.012034689793194886e+00 4.898699374123539485e+01
4.012041360907271148e+00 5.197377621872901727e+02
4.012048032021347410e+00 8.890021468129871209e+02
4.012054703135423672e+00 1.022461520443955237e+03
4.012061374249499046e+00 8.823563699755167136e+02
4.012068045363575308e+00 5.052110004326411854e+02
4.012074716477651570e+00 4.924825366720861552e+01
4.012081387591727832e+00 5.302234195388416538e+02
4.012088058705803206e+00 9.057971478992820948e+02
4.012094729819879468e+00 1.041083666201110418e+03
4.012101400933955730e+00 8.977926483372966686e+02
4.012108072048031993e+00 5.132417122724980345e+02
4.012114743162108255e+00 4.957188912997930430e+01
4.012121414276183629e+00 5.410829213340045953e+02
4.012128085390259891e+00 9.231854585637441915e+02
4.012134756504336153e+00 1.060362427534513472e+03
4.012141427618412415e+00 9.137725963385773866e+02
4.012148098732487789e+00 5.215543021593032336e+02
4.012154769846564051e+00 4.996314461851527255e+01
4.012161440960640313e+00 5.523363098410006842e+02
4.012168112074716575e+00 9.411990439809512736e+02
4.012174783188791949e+00 1.080333300040667382e+03
4.012181454302868211e+00 9.303256950066906938e+02
4.012188125416944473e+00 5.301640956203029873e+02
4.012194796531020735e+00 5.042753780063755187e+01
4.012201467645096109e+00 5.640050905602904550e+02
4.012208138759172371e+00 9.598722096271393411e+02
4.012214809873248633e+00 1.101034385907972819e+03
4.012221480987324895e+00 9.474835969095070141e+02
4.012228152101400269e+00 5.390875511075289523e+02
4.012234823215476531e+00 5.097085746169627640e+01
4.012241494329552793e+00 5.761123686866651497e+02
4.012248165443629055e+00 9.792418194934949724e+02
4.012254836557705318e+00 1.122506637667559517e+03
4.012261507671780691e+00 9.652803300470461636e+02
4.012268178785856954e+00 5.483423660249654858e+02
4.012274849899933216e+00 5.159916187638163620e+01
4.012281521014009478e+00 5.886830000344533573e+02
4.012288192128084852e+00 9.993475389054683546e+02
4.012294863242161114e+00 1.144794129794195896e+03
4.012301534356237376e+00 9.837525246247763562e+02
4.012308205470313638e+00 5.579475959088772470e+02
4.012314876584389012e+00 5.231877780599622696e+01
4.012321547698465274e+00 6.017437602639918168e+02
4.012328218812541536e+00 1.020232106078801507e+03
4.012334889926617798e+00 1.167944361982212513e+03
4.012341561040693172e+00 1.002939667024079426e+03
4.012348232154769434e+00 5.679237871270198639e+02
4.012354903268845696e+00 5.313630198504112911e+01
4.012361574382921958e+00 6.153235339489211810e+02
4.012368245496997332e+00 1.041941635172940096e+03
4.012374916611073594e+00 1.192008598462196460e+03
4.012381587725149856e+00 1.022884383347763219e+03
4.012388258839226118e+00 5.782931252190452369e+02
4.012394929953302380e+00 5.405860552861769719e+01
4.012401601067377754e+00 6.294535258879640196e+02
4.012408272181454016e+00 1.064525956653165849e+03
4.012414943295530279e+00 1.217042248487158531e+03
4.012421614409606541e+00 1.043632758068516523e+03
4.012428285523681915e+00 5.890796022967167573e+02
4.012434956637758177e+00 5.509284342479580943e+01
4.012441627751834439e+00 6.441674993779657825e+02
4.012448298865910701e+00 1.088038999128313435e+03
4.012454969979986075e+00 1.243105293898814352e+03
4.012461641094062337e+00 1.065234691943943744e+03
4.012468312208138599e+00 6.003092041293530201e+02
4.012474983322214861e+00 5.624647054835255489e+01
4.012481654436290235e+00 6.595020430743652469e+02
4.012488325550366497e+00 1.112539219517455876e+03
4.012494996664442759e+00 1.270262770740660926e+03
4.012501667778519021e+00 1.087744305140027109e+03
4.012508338892594395e+00 6.120101220777170283e+02
4.012515010006670657e+00 5.752726491588579449e+01
4.012521681120746919e+00 6.754968736011613828e+02
4.012528352234823181e+00 1.138090088732095410e+03
4.012535023348898555e+00 1.298585313072424015e+03
4.012541694462974817e+00 1.111220393313616341e+03
4.012548365577051079e+00 6.242129915289823430e+02
4.012555036691127341e+00 5.894336120788371858e+01
4.012561707805203604e+00 6.921951762790010889e+02
4.012568378919278977e+00 1.164760640590173125e+03
4.012575050033355240e+00 1.328149768495408807e+03
4.012581721147431502e+00 1.135726943179161253e+03
4.012588392261507764e+00 6.369511632887520136e+02
4.012595063375583138e+00 6.050329460570799966e+01
4.012601734489659400e+00 7.096439925666404633e+02
4.012608405603735662e+00 1.192626095392768548e+03
4.012615076717811924e+00 1.359039896784486928e+03
4.012621747831887298e+00 1.161333718682970812e+03
4.012628418945963560e+00 6.502610108004391805e+02
4.012635090060039822e+00 6.221605796678522893e+01
4.012641761174116084e+00 7.278946603109868647e+02
4.012648432288191458e+00 1.221768568325314163e+03
4.012655103402267720e+00 1.391347164896986214e+03
4.012661774516343982e+00 1.188116927674337603e+03
4.012668445630420244e+00 6.641822804096658501e+02
4.012675116744495618e+00 6.409117211329467523e+01
4.012681787858571880e+00 7.470033151705464434e+02
4.012688458972648142e+00 1.252277878350464334e+03
4.012695130086724404e+00 1.425171654311766588e+03
4.012701801200800666e+00 1.216159983919682190e+03
4.012708472314876040e+00 6.787584920001427236e+02
4.012715143428952302e+00 6.613877271645607436e+01
4.012721814543028565e+00 7.670314650745322069e+02
4.012728485657104827e+00 1.284252473040275618e+03
4.012735156771180201e+00 1.460623099644965123e+03
4.012741827885256463e+00 1.245554379198607876e+03
4.012748498999332725e+00 6.940373969633957358e+02
4.012755170113408987e+00 6.836971359703768769e+01
4.012761841227484361e+00 7.880466477608042624e+02
4.012768512341560623e+00 1.317800490300751790e+03
4.012775183455636885e+00 1.497822081237186239e+03
4.012781854569713147e+00 1.276400685219109846e+03
4.012788525683788521e+00 7.100715061355475655e+02
4.012795196797864783e+00 7.079568950851889042e+01
4.012801867911941045e+00 8.101231888447392748e+02
4.012808539026017307e+00 1.353040980933662922e+03
4.012815210140092681e+00 1.536901399034567248e+03
4.012821881254168943e+00 1.308809709134981631e+03
4.012828552368245205e+00 7.269186971073578434e+02
4.012835223482321467e+00 7.342938035452716861e+01
4.012841894596397729e+00 8.333430759746872809e+02
4.012848565710473103e+00 1.390105320396302432e+03
4.012855236824549365e+00 1.578007660707811965e+03
4.012861907938625627e+00 1.342903829167026288e+03
4.012868579052701890e+00 7.446429183046286653e+02
4.012875250166777263e+00 7.628461823906187078e+01
4.012881921280853526e+00 8.577969723111709754e+02
4.012888592394929788e+00 1.429138846493292249e+03
4.012895263509006050e+00 1.621303124124609212e+03
4.012901934623081424e+00 1.378818545885881122e+03
4.012908605737157686e+00 7.633150062178990538e+02
4.012915276851233948e+00 7.937658288674785467e+01
4.012921947965310210e+00 8.835853955384494611e+02
4.012928619079385584e+00 1.470302764447015534e+03
4.012935290193461846e+00 1.666967842882301738e+03
4.012941961307538108e+00 1.416704288973490748e+03
4.012948632421614370e+00 7.830136379346794229e+02
4.012955303535689744e+00 8.272202716677514900e+01
4.012961974649766006e+00 9.108200931561274274e+02
4.012968645763842268e+00 1.513776373521230653e+03
4.012975316877918530e+00 1.715202174747028266e+03
4.012981987991994792e+00 1.456728532076159354e+03
4.012988659106070166e+00 8.038264477783612847e+02
4.012995330220146428e+00 8.633954053839035225e+01
4.013002001334222690e+00 9.396256565657029114e+02
4.013008672448298952e+00 1.559759678442396989e+03
4.013015343562374326e+00 1.766229726787685195e+03
4.013022014676450588e+00 1.499078276729894014e+03
4.013028685790526850e+00 8.258513381244413267e+02
4.013035356904603113e+00 9.024985442875043873e+01
4.013042028018678486e+00 9.701414200546839766e+02
4.013048699132754749e+00 1.608476467309861619e+03
4.013055370246831011e+00 1.820300828336172799e+03
4.013062041360907273e+00 1.543962983963756187e+03
4.013068712474982647e+00 8.491980297399829851e+02
4.013075383589058909e+00 9.447620089902282814e+01
4.013082054703135171e+00 1.002523708709462198e+03
4.013088725817211433e+00 1.660177955207088189e+03
4.013095396931286807e+00 1.877696645766179927e+03
4.013102068045363069e+00 1.591618050850092004e+03
4.013108739159439331e+00 8.739898995901005492e+02
4.013115410273515593e+00 9.904473468509199563e+01
4.013122081387591855e+00 1.036948508609702230e+03
4.013128752501667229e+00 1.715147118383348698e+03
4.013135423615743491e+00 1.938734081704485789e+03
4.013142094729819753e+00 1.642308952497634664e+03
4.013148765843896015e+00 9.003661743109040572e+02
4.013155436957971389e+00 1.039850312485260275e+02
4.013162108072047651e+00 1.073614658456939196e+03
4.013168779186123913e+00 1.773703878077717263e+03
4.013175450300200175e+00 2.003771638984479750e+03
4.013182121414275549e+00 1.696336205294919864e+03
4.013188792528351811e+00 9.284845595556574835e+02
4.013195463642428074e+00 1.093306822215829044e+02
4.013202134756504336e+00 1.112747683773737208e+03
4.013208805870579710e+00 1.836211332294519934e+03
4.013215476984655972e+00 2.073216478293802083e+03
4.013222148098732234e+00 1.754041345110860675e+03
4.013228819212808496e+00 9.585244103627525192e+02
4.013235490326883870e+00 1.151200079609466513e+02
4.013242161440960132e+00 1.154604428245010695e+03
4.013248832555036394e+00 1.903083295491450599e+03
4.013255503669112656e+00 2.147532963308305170e+03
4.013262174783188918e+00 1.815814173774839446e+03
4.013268845897264292e+00 9.906905792596900255e+02
4.013275517011340554e+00 1.213969206796828928e+02
4.013282188125416816e+00 1.199478686487152345e+03
4.013288859239493078e+00 1.974793472423473759e+03
4.013295530353568452e+00 2.227253072080500260e+03
4.013302201467644714e+00 1.882101597370928630e+03
4.013308872581720976e+00 1.025218112958569009e+03
4.013315543695797238e+00 1.282119733647786006e+02
4.013322214809872612e+00 1.247708095813592308e+03
4.013328885923948874e+00 2.051886700302769441e+03
4.013335557038025136e+00 2.312989168220230567e+03
4.013342228152101399e+00 1.953418480227031296e+03
4.013348899266176772e+00 1.062378029174906942e+03
4.013355570380253035e+00 1.356236491823939616e+02
4.013362241494329297e+00 1.299682632416577917e+03
4.013368912608405559e+00 2.134992821319868199e+03
4.013375583722480933e+00 2.405449780584498967e+03
4.013382254836557195e+00 2.030361073689296063e+03
4.013388925950633457e+00 1.102484470145726391e+03
4.013395597064709719e+00 1.436999568311149744e+02
4.013402268178785981e+00 1.355855160321509175e+03
4.013408939292861355e+00 2.224843932977299119e+03
4.013415610406937617e+00 2.505459251759085873e+03
4.013422281521013879e+00 2.113623758455617917e+03
4.013428952635090141e+00 1.145903636943352694e+03
4.013435623749165515e+00 1.525204211182681888e+02
4.013442294863241777e+00 1.416754641189767426e+03
4.013448965977318039e+00 2.322296018154701869e+03
4.013455637091394301e+00 2.613982409363244642e+03
4.013462308205469675e+00 2.204020098786429116e+03
4.013468979319545937e+00 1.193065038245323422e+03
4.013475650433622199e+00 1.621785930197396794e+02
4.013482321547698461e+00 1.483002819192269271e+03
4.013488992661773835e+00 2.428356306601583128e+03
4.013495663775850097e+00 2.732155824812726678e+03
4.013502334889926360e+00 2.302509558894933889e+03
4.013509006004002622e+00 1.244475788605488788e+03
4.013515677118077996e+00 1.727852397122101706e+02
4.013522348232154258e+00 1.555335495924496627e+03
4.013529019346230520e+00 2.544218224949534488e+03
4.013535690460306782e+00 2.861327806961231545e+03
4.013542361574383044e+00 2.410231745113586840e+03
4.013549032688458418e+00 1.300738966243670575e+03
4.013555703802534680e+00 1.844724486508304437e+02
4.013562374916610942e+00 1.634629943244011656e+03
4.013569046030687204e+00 2.671306506411116970e+03
4.013575717144762578e+00 3.003110117723374060e+03
4.013582388258838840e+00 2.528550765225003488e+03
4.013589059372915102e+00 1.362577438154894480e+03
4.013595730486991364e+00 1.973989601830723757e+02
4.013602401601066738e+00 1.721940617997538993e+03
4.013609072715143000e+00 2.811336083502153087e+03
4.013615743829219262e+00 3.159445623551339395e+03
4.013622414943295524e+00 2.659113374932352144e+03
4.013629086057370898e+00 1.430865158027537063e+03
4.013635757171447160e+00 2.117571867544129987e+02
4.013642428285523422e+00 1.818546275409083364e+03
4.013649099399599685e+00 2.966389939943637728e+03
4.013655770513675058e+00 3.332697921981074614e+03
4.013662441627751321e+00 2.803926185379464187e+03
4.013669112741827583e+00 1.506668813290076514e+03
4.013675783855903845e+00 2.277825752358862132e+02
4.013682454969980107e+00 1.926012956629178461e+03
4.013689126084055481e+00 3.139023444394990292e+03
4.013695797198131743e+00 3.525771747618051450e+03
4.013702468312208005e+00 2.965459638345186704e+03
4.013709139426284267e+00 1.591304056975232697e+03
4.013715810540359641e+00 2.457662750155985236e+02
4.013722481654435903e+00 2.046279466994228869e+03
4.013729152768512165e+00 3.332406310979956743e+03
4.013735823882588427e+00 3.742277238452333222e+03
4.013742494996663801e+00 3.146790245969853913e+03
4.013749166110740063e+00 1.686412643102214815e+03
4.013755837224816325e+00 2.660725695180964863e+02
4.013762508338892587e+00 2.181775305415521416e+03
4.013769179452967961e+00 3.550519025382927794e+03
4.013775850567044223e+00 3.986757906720427854e+03
4.013782521681120485e+00 3.351798590945852538e+03
4.013789192795196747e+00 1.794070135653256784e+03
4.013795863909272121e+00 2.891632877783935101e+02
4.013802535023348383e+00 2.335586384691159765e+03
4.013809206137424646e+00 3.798429786418020740e+03
4.013815877251500908e+00 4.265013129427988133e+03
4.013822548365577170e+00 3.585450379651834737e+03
4.013829219479652544e+00 1.916939329660847534e+03
4.013835890593728806e+00 3.156327045556573125e+02
4.013842561707805068e+00 2.511692784701624987e+03
4.013849232821881330e+00 4.082693284795666386e+03
4.013855903935956704e+00 4.584564272959046320e+03
4.013862575050032966e+00 3.854204239167207106e+03
4.013869246164109228e+00 2.058493734554349430e+03
4.013875917278185490e+00 3.462585795137595142e+02
4.013882588392260864e+00 2.715317906072435562e+03
4.013889259506337126e+00 4.411938807282855123e+03
4.013895930620413388e+00 4.955345071339957940e+03
4.013902601734489650e+00 4.166618364677273348e+03
4.013909272848565024e+00 2.223351533797579123e+03
4.013915943962641286e+00 3.820787795690631015e+02
4.013922615076717548e+00 2.953455094601244127e+03
4.013929286190793810e+00 4.797761539185132278e+03
4.013935957304869184e+00 5.390753101993966993e+03
4.013942628418945446e+00 4.534279148501340387e+03
4.013949299533021708e+00 2.417789441527330382e+03
4.013955970647097971e+00 4.245098059058445870e+02
4.013962641761174233e+00 3.235686703846307410e+03
4.013969312875249607e+00 5.256116572754116532e+03
4.013975983989325869e+00 5.909303748734695546e+03
4.013982655103402131e+00 4.973270509802478955e+03
4.013989326217478393e+00 2.650560680895294354e+03
4.013995997331553767e+00 4.755366364762721219e+02
4.014002668445630029e+00 3.575504387680990021e+03
4.014009339559706291e+00 5.809580737970548398e+03
4.014016010673782553e+00 6.537331933668959209e+03
4.014022681787857927e+00 5.506590706420197421e+03
4.014029352901934189e+00 2.934250042629655582e+03
4.014036024016010451e+00 5.380295427167128537e+02
4.014042695130086713e+00 3.992529115606575033e+03
4.014049366244162087e+00 6.491185507699672598e+03
4.014056037358238349e+00 7.313607405018022291e+03
4.014062708472314611e+00 6.168315250966616986e+03
4.014069379586390873e+00 3.287628000966342370e+03
4.014076050700466247e+00 6.162993660938074072e+02
4.014082721814542509e+00 4.516437862375258192e+03
4.014089392928618771e+00 7.351260825403063791e+03
4.014096064042695033e+00 8.297656416460020409e+03
4.014102735156771296e+00 7.011179214967782173e+03
4.014109406270846669e+00 3.739983636429433318e+03
4.014116077384922932e+00 7.171307119035134292e+02
4.014122748498999194e+00 5.194352651137774956e+03
4.014129419613075456e+00 8.470464962842701425e+03
4.014136090727150830e+00 9.585798971722906572e+03
4.014142761841227092e+00 8.121375415114137468e+03
4.014149432955303354e+00 4.339693047265708628e+03
4.014156104069379616e+00 8.518532847178737484e+02
4.014162775183454990e+00 6.105867265680944001e+03
4.014169446297531252e+00 9.986680823800015787e+03
4.014176117411607514e+00 1.134477287466872986e+04
4.014182788525683776e+00 9.650090490090591629e+03
4.014189459639759150e+00 5.172793680453482011e+03
4.014196130753835412e+00 1.040913166222283962e+03
4.014202801867911674e+00 7.396839077847506815e+03
4.014209472981987936e+00 1.215670686634508638e+04
4.014216144096063310e+00 1.389047716588381809e+04
4.014222815210139572e+00 1.188899699817814144e+04
4.014229486324215834e+00 6.408490910640665788e+03
4.014236157438292096e+00 1.325350485168160503e+03
4.014242828552368358e+00 9.366470781345267824e+03
4.014249499666443732e+00 1.551969195645378386e+04
4.014256170780519994e+00 1.790281863649307343e+04
4.014262841894596257e+00 1.548280958484838811e+04
4.014269513008672519e+00 8.431675006484456389e+03
4.014276184122747893e+00 1.801453803290797396e+03
4.014282855236824155e+00 1.274068465258074139e+04
4.014289526350900417e+00 2.143229317068147429e+04
4.014296197464976679e+00 2.516216885918431217e+04
4.014302868579052053e+00 2.219521014719298546e+04
4.014309539693128315e+00 1.234732665656705103e+04
4.014316210807204577e+00 2.760888920952499575e+03
4.014322881921280839e+00 1.985438252413250302e+04
4.014329553035356213e+00 3.456410565935348131e+04
4.014336224149432475e+00 4.228902225462041679e+04
4.014342895263508737e+00 3.919713857336626097e+04
4.014349566377584999e+00 2.314432888366745101e+04
4.014356237491660373e+00 5.696404307160965800e+03
4.014362908605736635e+00 4.464911345438727585e+04
4.014369579719812897e+00 8.886068824118640623e+04
4.014376250833889159e+00 1.320878300558703777e+05
4.014382921947965421e+00 1.678042088659373985e+05
4.014389593062040795e+00 1.904055677378627006e+05
4.014396264176117057e+00 1.962681879867077514e+05
4.014402935290193319e+00 1.844418122667626012e+05
4.014409606404269582e+00 1.568326250822416914e+05
4.014416277518344955e+00 1.178379605559349584e+05
4.014422948632421217e+00 7.350891842969536083e+04
4.014429619746497480e+00 3.041487768936327848e+04
4.014436290860573742e+00 5.556618347559398899e+03
4.014442961974649116e+00 3.022053209402995344e+04
4.014449633088725378e+00 4.173990445312894735e+04
4.014456304202801640e+00 4.077597216360357561e+04
4.014462975316877902e+00 3.014079574538135785e+04
4.014469646430953276e+00 1.404751363142522860e+04
4.014476317545029538e+00 2.862970103354545699e+03
4.014482988659105800e+00 1.649919277733750278e+04
4.014489659773182062e+00 2.410121915634906691e+04
4.014496330887257436e+00 2.466484999748937480e+04
4.014503002001333698e+00 1.895285056089297723e+04
4.014509673115409960e+00 9.117815416875700976e+03
4.014516344229486222e+00 1.948263096502052576e+03
4.014523015343562484e+00 1.136628360888204588e+04
4.014529686457637858e+00 1.695552066524473412e+04
4.014536357571714120e+00 1.768525955476532545e+04
4.014543028685790382e+00 1.382002028726348908e+04
4.014549699799866644e+00 6.740984167302469359e+03
4.014556370913942018e+00 1.487777369103464252e+03
4.014563042028018280e+00 8.680371625957335709e+03
4.014569713142094542e+00 1.308615621097593430e+04
4.014576384256170805e+00 1.378803379833917279e+04
4.014583055370246178e+00 1.087348763769293146e+04
4.014589726484322441e+00 5.341820833193247381e+03
4.014596397598398703e+00 1.210529971414179272e+03
4.014603068712474965e+00 7.028456346254062737e+03
4.014609739826550339e+00 1.066003683409156838e+04
4.014616410940626601e+00 1.130059715846823201e+04
4.014623082054702863e+00 8.961624564812551398e+03
4.014629753168779125e+00 4.419982693114340691e+03
4.014636424282854499e+00 1.025334693194695092e+03
4.014643095396930761e+00 5.909838766978588865e+03
4.014649766511007023e+00 8.996599240106546858e+03
4.014656437625083285e+00 9.575133587645525040e+03
4.014663108739159547e+00 7.620822481442605749e+03
4.014669779853234921e+00 3.766787482594086214e+03
4.014676450967311183e+00 8.928994126253847980e+02
4.014683122081387445e+00 5.102166829263977888e+03
4.014689793195463707e+00 7.785051550503617364e+03
4.014696464309539081e+00 8.308013867456180378e+03
4.014703135423615343e+00 6.628454817662569440e+03
4.014709806537691605e+00 3.279725691619097688e+03
4.014716477651767867e+00 7.935080445583107576e+02
4.014723148765843241e+00 4.491614798625594631e+03
4.014729819879919503e+00 6.863270760417840393e+03
4.014736490993995766e+00 7.338013032932638453e+03
4.014743162108072028e+00 5.864307107738560262e+03
4.014749833222147402e+00 2.902557113728916647e+03
4.014756504336223664e+00 7.161794775532224548e+02
4.014763175450299926e+00 4.013871567081715057e+03
4.014769846564376188e+00 6.138402480307735459e+03
4.014776517678451562e+00 6.571586164834950978e+03
4.014783188792527824e+00 5.257761779001533796e+03
4.014789859906604086e+00 2.601852439819056144e+03
4.014796531020680348e+00 6.543125640650671357e+02
4.014803202134756610e+00 3.629857640112133140e+03
4.014809873248831984e+00 5.553436553510049634e+03
4.014816544362908246e+00 5.950727512508426116e+03
4.014823215476984508e+00 4.764611895886895581e+03
4.014829886591060770e+00 2.356492928592366297e+03
4.014836557705136144e+00 6.037003936287859460e+02
4.014843228819212406e+00 3.314456317715673777e+03
4.014849899933288668e+00 5.071433308514890996e+03
4.014856571047364930e+00 5.437557089319976512e+03
4.014863242161440304e+00 4.355770051118835909e+03
4.014869913275516566e+00 2.152481323789281760e+03
4.014876584389592828e+00 5.615350700834680993e+02
4.014883255503669091e+00 3.050789044040769568e+03
4.014889926617744464e+00 4.667405736265193809e+03
4.014896597731820727e+00 5.006288779692609751e+03
4.014903268845896989e+00 4.011313600190665966e+03
4.014909939959973251e+00 1.980173429893353159e+03
4.014916611074048625e+00 5.258708076716610549e+02
4.014923282188124887e+00 2.827093789904489768e+03
4.014929953302201149e+00 4.323846855233259703e+03
4.014936624416277411e+00 4.638760615229249197e+03
4.014943295530353673e+00 3.717138716792979722e+03
4.014949966644429047e+00 1.832707971841138260e+03
4.014956637758505309e+00 4.953166633172668867e+02
4.014963308872581571e+00 2.634922867108971786e+03
4.014969979986657833e+00 4.028125604798411587e+03
4.014976651100733207e+00 4.321810944070553887e+03
4.014983322214809469e+00 3.462980572189706436e+03
4.014989993328885731e+00 1.705070337896076126e+03
4.014996664442961993e+00 4.688519371342122781e+02
4.015003335557037367e+00 2.468052347652761910e+03
4.015010006671113629e+00 3.770899837409484007e+03
4.015016677785189891e+00 4.045668401823220847e+03
4.015023348899266153e+00 3.241190359944395823e+03
4.015030020013341527e+00 1.593510478778372089e+03
4.015036691127417789e+00 4.457106776299856392e+02
4.015043362241494052e+00 2.321795521352426022e+03
4.015050033355570314e+00 3.545111271873685837e+03
4.015056704469645688e+00 3.802926333168798010e+03
4.015063375583721950e+00 3.045951837076059292e+03
4.015070046697798212e+00 1.495167931507225376e+03
4.015076717811874474e+00 4.253068804511440248e+02
4.015083388925950736e+00 2.192555906989319737e+03
4.015090060040026110e+00 3.345327772653930879e+03
4.015096731154102372e+00 3.587868264996648577e+03
4.015103402268178634e+00 2.872763512794236703e+03
4.015110073382254896e+00 1.407822804020625881e+03
4.015116744496330270e+00 4.071845798250082566e+02
4.015123415610406532e+00 2.077527662705017974e+03
4.015130086724482794e+00 3.167300548377273117e+03
4.015136757838559056e+00 3.396011807030025921e+03
4.015143428952634430e+00 2.718087023803644570e+03
4.015150100066710692e+00 1.329725970178149964e+03
4.015156771180786954e+00 3.909836798552902337e+02
4.015163442294863216e+00 1.974489640337313858e+03
4.015170113408938590e+00 3.007658566734646683e+03
4.015176784523014852e+00 3.223792684598854976e+03
4.015183455637091114e+00 2.579102626574047008e+03
4.015190126751167377e+00 1.259480559575056986e+03
4.015196797865242750e+00 3.764160181461767820e+02
4.015203468979319013e+00 1.881660624915766903e+03
4.015210140093395275e+00 2.863693016481154245e+03
4.015216811207471537e+00 3.068341120498579130e+03
4.015223482321547799e+00 2.453535579158960900e+03
4.015230153435623173e+00 1.195957533932428532e+03
4.015236824549699435e+00 3.632482631722062365e+02
4.015243495663775697e+00 1.797595555137810152e+03
4.015250166777851959e+00 2.733202307159935572e+03
4.015256837891927333e+00 2.927320539123052640e+03
4.015263509006003595e+00 2.339530537540446858e+03
4.015270180120079857e+00 1.138234430459673831e+03
4.015276851234156119e+00 3.512894662540068680e+02
4.015283522348231493e+00 1.721109795648243789e+03
4.015290193462307755e+00 2.614378657824738639e+03
4.015296864576384017e+00 2.798809227756704331e+03
4.015303535690460279e+00 2.235559157640973353e+03
4.015310206804535653e+00 1.085550184172206173e+03
4.015316877918611915e+00 3.403818594115712131e+02
4.015323549032688177e+00 1.651223000944567730e+03
4.015330220146764439e+00 2.505723813134172360e+03
4.015336891260839813e+00 2.681212175526750343e+03
4.015343562374916075e+00 2.140351095368700953e+03
4.015350233488992338e+00 1.037271307582564759e+03
4.015356904603068600e+00 3.303939504188992373e+02
4.015363575717144862e+00 1.587116897286656240e+03
4.015370246831220236e+00 2.405985516377880231e+03
4.015376917945296498e+00 2.573194477276016642e+03
4.015383589059372760e+00 2.052841769133681737e+03
4.015390260173449022e+00 9.928662349313639197e+02
4.015396931287524396e+00 3.212152721397943083e+02
4.015403602401600658e+00 1.528103120234776497e+03
4.015410273515676920e+00 2.314109012642546077e+03
4.015416944629753182e+00 2.473630389868633756e+03
4.015423615743828556e+00 1.972132321618065589e+03
4.015430286857904818e+00 9.518856165231517252e+02
4.015436957971981080e+00 3.127523443810785579e+02
4.015443629086057342e+00 1.473598418552117437e+03
4.015450300200132716e+00 2.229199588650922124e+03
4.015456971314208978e+00 2.381563910223289895e+03
4.015463642428285240e+00 1.897458579071803570e+03
4.015470313542361502e+00 9.139470151530528028e+02
4.015476984656436876e+00 3.049255295086209117e+02
4.015483655770513138e+00 1.423105327921559592e+03
4.015490326884589400e+00 2.150493327950830462e+03
4.015496997998665663e+00 2.296177945504732179e+03
4.015503669112741925e+00 1.828166736889184222e+03
4.015510340226817299e+00 8.787228989893086464e+02
4.015517011340893561e+00 2.976665637935482209e+02
4.015523682454969823e+00 1.376196958924964065e+03
4.015530353569046085e+00 2.077334052155425525e+03
4.015537024683121459e+00 2.216769967564582203e+03
4.015543695797197721e+00 1.763694128039695897e+03
4.015550366911273983e+00 8.459311287711118439e+02
4.015557038025350245e+00 2.909165971391750531e+02
4.015563709139425619e+00 1.332504909305504270e+03
4.015570380253501881e+00 2.009154974505648624e+03
4.015577051367578143e+00 2.142732613899505395e+03
4.015583722481654405e+00 1.703553877283425209e+03
4.015590393595729779e+00 8.153273586731760361e+02
4.015597064709806041e+00 2.846246253989050956e+02
4.015603735823882303e+00 1.291709580017338112e+03
4.015610406937958565e+00 1.945463979119101168e+03
4.015617078052033939e+00 2.073538101484777599e+03
4.015623749166110201e+00 1.647322556088903184e+03
4.015630420280186463e+00 7.866989122991552676e+02
4.015637091394262725e+00 2.787462263474916426e+02
4.015643762508338988e+00 1.253532352465955910e+03
4.015650433622414361e+00 1.885831715873617668e+03
4.015657104736490624e+00 2.008725606433363282e+03
4.015663775850566886e+00 1.594630173097735224e+03
4.015670446964643148e+00 7.598598135334094650e+02
4.015677118078718522e+00 2.732425307181412677e+02
4.015683789192794784e+00 1.217729224292750132e+03
4.015690460306871046e+00 1.829881903360514343e+03
4.015697131420947308e+00 1.947890971843381749e+03
4.015703802535022682e+00 1.545152002719015172e+03
4.015710473649098944e+00 7.346467239484711627e+02
4.015717144763175206e+00 2.680793822735749927e+02
4.015723815877251468e+00 1.184085595813403643e+03
4.015730486991326842e+00 1.777283375100034618e+03
4.015737158105403104e+00 1.890678257175331964e+03
4.015743829219479366e+00 1.498601867535456449e+03
4.015750500333555628e+00 7.109155995830241181e+02
4.015757171447631002e+00 2.632266442106940190e+02
4.015763842561707264e+00 1.152411969936170181e+03
4.015770513675783526e+00 1.727743515216553533e+03
4.015777184789859788e+00 1.836772756137312854e+03
4.015783855903936050e+00 1.454726583745972675e+03
4.015790527018011424e+00 6.885389247443396243e+02
4.015797198132087686e+00 2.586576261341253371e+02
4.015803869246163949e+00 1.122540386756666294e+03
4.015810540360240211e+00 1.681002807250664546e+03
4.015817211474315584e+00 1.785895193846862412e+03
4.015823882588391847e+00 1.413301339259552606e+03
4.015830553702468109e+00 6.674034064271497755e+02
4.015837224816544371e+00 2.543486045213172702e+02
4.015843895930619745e+00 1.094321447781312372e+03
4.015850567044696007e+00 1.636830282946216357e+03
4.015857238158772269e+00 1.737796876862320005e+03
4.015863909272848531e+00 1.374125827748081747e+03
4.015870580386923905e+00 6.474080461803084745e+02
4.015877251501000167e+00 2.502784223482337325e+02
4.015883922615076429e+00 1.067621821517523131e+03
4.015890593729152691e+00 1.595019701833050249e+03
4.015897264843228065e+00 1.692255618933025062e+03
4.015903935957304327e+00 1.337020998501255690e+03
4.015910607071380589e+00 6.284625156882052579e+02
4.015917278185456851e+00 2.464281519018131519e+02
4.015923949299533113e+00 1.042322139471149740e+03
4.015930620413608487e+00 1.555386328056005141e+03
4.015937291527684749e+00 1.649072300944374319e+03
4.015943962641761011e+00 1.301826309378971246e+03
4.015950633755837273e+00 6.104857844922507866e+02
4.015957304869912647e+00 2.427808080625617890e+02
4.015963975983988909e+00 1.018315215229687965e+03
4.015970647098065172e+00 1.517764199035407955e+03
4.015977318212141434e+00 1.608067953215691659e+03
4.015983989326216808e+00 1.268397396058655659e+03
4.015990660440293070e+00 5.934049535987794570e+02
4.015997331554369332e+00 2.393211063355988131e+02
4.016004002668445594e+00 9.955045294784450789e+02
4.016010673782520968e+00 1.482003799472920718e+03
4.016017344896597230e+00 1.569081269666500930e+03
4.016024016010673492e+00 1.236604083871988450e+03
4.016030687124749754e+00 5.771542600293025771e+02
4.016037358238825128e+00 2.360352547725334489e+02
4.016044029352901390e+00 9.738029345688555622e+02
4.016050700466977652e+00 1.447970073546344111e+03
4.016057371581053914e+00 1.531966481058696445e+03
4.016064042695130176e+00 1.206328686548064979e+03
4.016070713809205550e+00 5.616742253406417831e+02
4.016077384923281812e+00 2.329107770615090942e+02
4.016084056037358074e+00 9.531315446503439262e+02
4.016090727151434336e+00 1.415540717898176581e+03
4.016097398265509710e+00 1.496591528515108394e+03
4.016104069379585972e+00 1.177464543630468370e+03
4.016110740493662234e+00 5.469109217545274078e+02
4.016117411607738497e+00 2.299363586778374895e+02
4.016124082721813870e+00 9.334187788109252324e+02
4.016130753835890133e+00 1.384604711341092525e+03
4.016137424949966395e+00 1.462836488479390482e+03
4.016144096064042657e+00 1.149914758502521636e+03
4.016150767178118031e+00 5.328153400213633404e+02
4.016157438292194293e+00 2.271017152864903323e+02
4.016164109406270555e+00 9.145995352578499933e+02
4.016170780520346817e+00 1.355061043308330227e+03
4.016177451634422191e+00 1.430592210245915567e+03
4.016184122748498453e+00 1.123591106674620505e+03
4.016190793862574715e+00 5.193428405413961855e+02
4.016197464976650977e+00 2.243974783475944719e+02
4.016204136090727239e+00 8.966144738676637189e+02
4.016210807204802613e+00 1.326817610242321962e+03
4.016217478318878875e+00 1.399759132733984870e+03
4.016224149432955137e+00 1.098413086376560841e+03
4.016230820547031399e+00 5.064526777203290067e+02
4.016237491661106773e+00 2.218150950629638487e+02
4.016244162775183035e+00 8.794093929078381962e+02
4.016250833889259297e+00 1.299790255273941739e+03
4.016257505003335559e+00 1.370246254066136999e+03
4.016264176117410933e+00 1.074307092025221436e+03
4.016270847231487195e+00 4.941075840900126650e+02
4.016277518345563458e+00 2.193467422646956493e+02
4.016284189459639720e+00 8.629346847586347167e+02
4.016290860573715094e+00 1.273901928995651588e+03
4.016297531687791356e+00 1.341970231129195781e+03
4.016304202801867618e+00 1.051205690836643953e+03
4.016310873915943880e+00 4.822734068741524993e+02
4.016317545030019254e+00 2.169852495555800260e+02
4.016324216144095516e+00 8.471448589161213931e+02
4.016330887258171778e+00 1.249081954879362229e+03
4.016337558372248040e+00 1.314854590407815749e+03
4.016344229486324302e+00 1.029046989479375952e+03
4.016350900600399676e+00 4.709187896780181291e+02
4.016357571714475938e+00 2.147240333444514988e+02
4.016364242828552200e+00 8.319981240942462364e+02
4.016370913942628462e+00 1.225265383601277335e+03
4.016377585056703836e+00 1.288829034603715399e+03
4.016384256170780098e+00 1.007774076521681195e+03
4.016390927284856360e+00 4.600148914512703300e+02
4.016397598398932622e+00 2.125570376783667825e+02
4.016404269513007996e+00 8.174560191243394911e+02
4.016410940627084258e+00 1.202392424469257094e+03
4.016417611741160520e+00 1.263828831372322611e+03
4.016424282855236783e+00 9.873345308530040256e+02
4.016430953969312156e+00 4.495351400032446350e+02
4.016437625083388419e+00 2.104786825832643160e+02
4.016444296197464681e+00 8.034830882243202268e+02
4.016450967311540943e+00 1.180407943377604624e+03
4.016457638425616317e+00 1.239794273420571471e+03
4.016464309539692579e+00 9.676799878395813721e+02
4.016470980653768841e+00 4.394550124411324532e+02
4.016477651767845103e+00 2.084838186318360442e+02
4.016484322881921365e+00 7.900465927694031052e+02
4.016490993995996739e+00 1.159261017903618722e+03
4.016497665110073001e+00 1.216670200089521359e+03
4.016504336224149263e+00 9.487657540088972610e+02
4.016511007338225525e+00 4.297518420405646111e+02
4.016517678452300899e+00 2.065676855638718621e+02
4.016524349566377161e+00 7.771162559776755643e+02
4.016531020680453423e+00 1.138904542905547260e+03
4.016537691794529685e+00 1.194405572774997609e+03
4.016544362908605059e+00 9.305504655401682612e+02
4.016551034022681321e+00 4.204046456007158099e+02
4.016557705136757583e+00 2.047258770190961172e+02
4.016564376250833845e+00 7.646640360634437457e+02
4.016571047364909219e+00 1.119294879232481662e+03
4.016577718478985481e+00 1.172953096901197569e+03
4.016584389593061744e+00 9.129957834728044190e+02
4.016591060707138006e+00 4.113939699167309527e+02
4.016597731821213380e+00 2.029543076020537740e+02
4.016604402935289642e+00 7.526639232156965136e+02
4.016611074049365904e+00 1.100391540911074117e+03
4.016617745163442166e+00 1.152268884752367967e+03
4.016624416277518428e+00 8.960661225946212198e+02
4.016631087391593802e+00 4.027017552101313527e+02
4.016637758505670064e+00 2.012491847546789927e+02
4.016644429619746326e+00 7.410917594302273983e+02
4.016651100733822588e+00 1.082156915197449734e+03
4.016657771847897962e+00 1.132312154251306765e+03
4.016664442961974224e+00 8.797284083525389633e+02
4.016671114076050486e+00 3.943112120558941456e+02
4.016677785190126748e+00 1.996069826744658826e+02
4.016684456304202122e+00 7.299250760382431054e+02
4.016691127418278384e+00 1.064556012224156802e+03
4.016697798532354646e+00 1.113044958886724089e+03
4.016704469646430908e+00 8.639518591984600562e+02
4.016711140760506282e+00 3.862067122456612083e+02
4.016717811874582544e+00 1.980244193682308378e+02
4.016724482988658806e+00 7.191429490229439807e+02
4.016731154102735069e+00 1.047556240398793989e+03
4.016737825216810442e+00 1.094431945615956238e+03
4.016744496330886705e+00 8.487077915281773812e+02
4.016751167444962967e+00 3.783736896093080304e+02
4.016757838559039229e+00 1.964984362959629891e+02
4.016764509673115491e+00 7.087258682483486609e+02
4.016771180787190865e+00 1.031127204185615028e+03
4.016777851901267127e+00 1.076440136940441334e+03
4.016784523015343389e+00 8.339694435767039522e+02
4.016791194129419651e+00 3.707985516730282711e+02
4.016797865243495025e+00 1.950261791236990803e+02
4.016804536357571287e+00 6.986556200872141744e+02
4.016811207471647549e+00 1.015240522389574608e+03
4.016817878585723811e+00 1.059038734718518754e+03
4.016824549699799185e+00 8.197118175317169744e+02
4.016831220813875447e+00 3.634685995763537107e+02
4.016837891927951709e+00 1.936049815032420440e+02
4.016844563042027971e+00 6.889151817445311963e+02
4.016851234156103345e+00 9.998696638628621258e+02
4.016857905270179607e+00 1.042198943044399584e+03
4.016864576384255869e+00 8.059115362187686742e+02
4.016871247498332131e+00 3.563719555512257102e+02
4.016877918612407505e+00 1.922323494344384471e+02
4.016884589726483767e+00 6.794886250553919353e+02
4.016891260840560030e+00 9.849897993590044507e+02
4.016897931954636292e+00 1.025893808136124335e+03
4.016904603068712554e+00 7.925467140778795283e+02
4.016911274182787928e+00 3.494974981610346276e+02
4.016917945296864190e+00 1.909059481063298733e+02
4.016924616410940452e+00 6.703610302944312025e+02
4.016931287525016714e+00 9.705776670355985516e+02
4.016937958639092088e+00 1.010098073389615593e+03
4.016944629753168350e+00 7.795968400308610171e+02
4.016951300867244612e+00 3.428348025919015072e+02
4.016957971981320874e+00 1.896235888603345074e+02
4.016964643095396248e+00 6.615184073035345591e+02
4.016971314209472510e+00 9.566114507955941235e+02
4.016977985323548772e+00 9.947880477980517071e+02
4.016984656437625034e+00 7.670426710437156999e+02
4.016991327551700408e+00 3.363740873704987280e+02
4.016997998665776670e+00 1.883832182334336096e+02
4.017004669779852932e+00 6.529476245820725353e+02
4.017011340893929194e+00 9.430706697151305207e+02
4.017018012008004568e+00 9.799414865963489092e+02
4.017024683122080830e+00 7.548661360159175047e+02
4.017031354236157092e+00 3.301061650264178979e+02
4.017038025350233355e+00 1.871829077783384889e+02
4.017044696464309617e+00 6.446363440112959324e+02
4.017051367578384991e+00 9.299360773401326696e+02
4.017058038692461253e+00 9.655374824730641876e+02
4.017064709806537515e+00 7.430502474753309343e+02
4.017071380920613777e+00 3.240223982125514794e+02
4.017078052034689151e+00 1.860208443888494116e+02
4.017084723148765413e+00 6.365729620405716105e+02
4.017091394262841675e+00 9.171895702142143136e+02
4.017098065376917937e+00 9.515563666020370874e+02
4.017104736490993311e+00 7.315790219600357887e+02
4.017111407605069573e+00 3.181146589210237607e+02
4.017118078719145835e+00 1.848953222795269937e+02
4.017124749833222097e+00 6.287465558910027994e+02
4.017131420947297471e+00 9.048141041005038687e+02
4.017138092061373733e+00 9.379796182745255919e+02
4.017144763175449995e+00 7.204374066009338549e+02
4.017151434289526257e+00 3.123752913014030810e+02
4.017158105403601631e+00 1.838047346037353691e+02
4.017164776517677893e+00 6.211468341171920429e+02
4.017171447631754155e+00 8.927936177728960274e+02
4.017178118745830417e+00 9.247897822639284868e+02
4.017184789859906680e+00 7.096112125937235078e+02
4.017191460973982053e+00 3.067970783231490941e+02
4.017198132088058316e+00 1.827475669939047975e+02
4.017204803202134578e+00 6.137640920034613146e+02
4.017211474316210840e+00 8.811129630703983366e+02
4.017218145430286214e+00 9.119703934048758356e+02
4.017224816544362476e+00 6.990870540225590730e+02
4.017231487658438738e+00 3.013732104034349391e+02
4.017238158772515000e+00 1.817223904886269850e+02
4.017244829886590374e+00 6.065891698913256960e+02
4.017251501000666636e+00 8.697578409397095811e+02
4.017258172114742898e+00 8.995059072858613263e+02
4.017264843228819160e+00 6.888522916768126834e+02
4.017271514342894534e+00 2.960972574160448403e+02
4.017278185456970796e+00 1.807278558642681787e+02
4.017284856571047058e+00 5.996134159427322174e+02
4.017291527685123320e+00 8.587147428592123788e+02
4.017298198799198694e+00 8.873816368638067615e+02
4.017304869913274956e+00 6.788949820448531227e+02
4.017311541027351218e+00 2.909631422209914717e+02
4.017318212141427480e+00 1.797626882281680025e+02
4.017324883255503742e+00 5.928286509825779831e+02
4.017331554369579116e+00 8.479708967930446306e+02
4.017338225483655378e+00 8.755836940463806286e+02
4.017344896597731640e+00 6.692038297966388427e+02
4.017351567711807903e+00 2.859651172385957238e+02
4.017358238825883276e+00 1.788256816892281051e+02
4.017364909939959539e+00 5.862271368948548798e+02
4.017371581054035801e+00 8.375142178184004251e+02
4.017378252168112063e+00 8.640989362102507130e+02
4.017384923282187437e+00 6.597681446511544436e+02
4.017391594396263699e+00 2.810977421938000020e+02
4.017398265510339961e+00 1.779156951825457611e+02
4.017404936624416223e+00 5.798015473352508025e+02
4.017411607738491597e+00 8.273332624228376062e+02
4.017418278852567859e+00 8.529149167964152412e+02
4.017424949966644121e+00 6.505778011056582955e+02
4.017431621080720383e+00 2.763558637950692969e+02
4.017438292194795757e+00 1.770316477025090762e+02
4.017444963308872019e+00 5.735449404789014807e+02
4.017451634422948281e+00 8.174171866411363681e+02
4.017458305537024543e+00 8.420198398090656156e+02
4.017464976651099917e+00 6.416232019712999772e+02
4.017471647765176179e+00 2.717345973554622560e+02
4.017478318879252441e+00 1.761725147696797933e+02
4.017484989993328703e+00 5.674507344556378712e+02
4.017491661107404965e+00 8.077557071555477251e+02
4.017498332221480339e+00 8.314025179260371488e+02
4.017505003335556601e+00 6.328952440688819934e+02
4.017511674449632864e+00 2.672293091165905139e+02
4.017518345563709126e+00 1.753373246079666501e+02
4.017525016677784500e+00 5.615126839462619728e+02
4.017531687791860762e+00 7.983390656000775607e+02
4.017538358905937024e+00 8.210523336515284427e+02
4.017545030020013286e+00 6.243852870433419184e+02
4.017551701134088660e+00 2.628356008411378184e+02
4.017558372248164922e+00 1.745251547735879569e+02
4.017565043362241184e+00 5.557248592557490383e+02
4.017571714476317446e+00 7.891579955406169802e+02
4.017578385590392820e+00 8.109592036070575887e+02
4.017585056704469082e+00 6.160851242710916722e+02
4.017591727818545344e+00 2.585492946555449407e+02
4.017598398932621606e+00 1.737351293613743621e+02
4.017605070046696980e+00 5.500816263658838352e+02
4.017611741160773242e+00 7.802036917304401413e+02
4.017618412274849504e+00 8.011135452397636527e+02
4.017625083388925766e+00 6.079869558306370436e+02
4.017631754503002028e+00 2.543664196904594519e+02
4.017638425617077402e+00 1.729664156591852304e+02
4.017645096731153664e+00 5.445776290575902294e+02
4.017651767845229926e+00 7.714677819083738086e+02
4.017658438959306189e+00 7.915062462225100717e+02
4.017665110073381562e+00 6.000833639372575590e+02
4.017671781187457825e+00 2.502831993911520101e+02
4.017678452301534087e+00 1.722182219184242626e+02
4.017685123415610349e+00 5.392077716474635736e+02
4.017691794529685723e+00 7.629423003897856006e+02
4.017698465643761985e+00 7.821286359065292118e+02
4.017705136757838247e+00 5.923672894516196266e+02
4.017711807871914509e+00 2.462960395525593640e+02
4.017718478985989883e+00 1.714897945347303505e+02
4.017725150100066145e+00 5.339672035345281529e+02
4.017731821214142407e+00 7.546196638131310692e+02
4.017738492328218669e+00 7.729724588660078552e+02
4.017745163442294043e+00 5.848320108078679596e+02
4.017751834556370305e+00 2.424015179085753289e+02
4.017758505670446567e+00 1.707804161836225774e+02
4.017765176784522829e+00 5.288513046723160187e+02
4.017771847898599091e+00 7.464926483534383124e+02
4.017778519012674465e+00 7.640298504075157098e+02
4.017785190126750727e+00 5.774711238363497614e+02
4.017791861240826989e+00 2.385963735017943179e+02
4.017798532354903251e+00 1.700894032374285132e+02
4.017805203468978625e+00 5.238556718711778331e+02
4.017811874583054887e+00 7.385543687219990261e+02
4.017818545697131150e+00 7.552933136304366144e+02
4.017825216811207412e+00 5.702785233744632478e+02
4.017831887925282786e+00 2.348774977607786241e+02
4.017838559039359048e+00 1.694161040032512346e+02
4.017845230153435310e+00 5.189761064643131476e+02
4.017851901267511572e+00 7.307982585907876683e+02
4.017858572381586946e+00 7.467556982677741644e+02
4.017865243495663208e+00 5.632483860120984218e+02
4.017871914609739470e+00 2.312419253559515653e+02
4.017878585723815732e+00 1.687598970757982784e+02
4.017885256837891106e+00 5.142086022927245494e+02
4.017891927951967368e+00 7.232180522606596469e+02
4.017898599066043630e+00 7.384101808216303198e+02
4.017905270180119892e+00 5.563751538768608498e+02
4.017911941294196154e+00 2.276868263145920821e+02
4.017918612408271528e+00 1.681201891886004205e+02
4.017925283522347790e+00 5.095493350365143783e+02
4.017931954636424052e+00 7.158077677695581542e+02
4.017938625750500314e+00 7.302502461501154585e+02
4.017945296864575688e+00 5.496535199304107664e+02
4.017951967978651950e+00 2.242094983271830984e+02
4.017958639092728212e+00 1.674964140098319092e+02
4.017965310206804475e+00 5.049946518496295198e+02
4.017971981320879848e+00 7.085616908666862628e+02
4.017978652434956111e+00 7.222696702231992276e+02
4.017985323549032373e+00 5.430784137276690444e+02
4.017991994663108635e+00 2.208073594507612825e+02
4.017998665777184009e+00 1.668880303320724181e+02
4.018005336891260271e+00 5.005410619077871957e+02
4.018012008005336533e+00 7.014743603381210733e+02
4.018018679119412795e+00 7.144625040048457549e+02
4.018025350233488169e+00 5.366449886058827587e+02
4.018032021347564431e+00 2.174779418788509986e+02
4.018038692461640693e+00 1.662945210591618661e+02
4.018045363575716955e+00 4.961852276709071816e+02
4.018052034689793217e+00 6.945405540599822416e+02
4.018058705803868591e+00 7.068230585603123473e+02
4.018065376917944853e+00 5.303486092042957125e+02
4.018072048032021115e+00 2.142188853780191380e+02
4.018078719146097377e+00 1.657153914780781747e+02
4.018085390260172751e+00 4.919239562590332753e+02
4.018092061374249013e+00 6.877552760857817020e+02
4.018098732488325275e+00 6.993458908162442640e+02
4.018105403602401537e+00 5.241848403552409081e+02
4.018112074716476911e+00 2.110279317887972468e+02
4.018118745830553173e+00 1.651501682888243749e+02
4.018125416944629436e+00 4.877541920482858586e+02
4.018132088058705698e+00 6.811137445986179273e+02
4.018138759172781072e+00 6.920257905964855354e+02
4.018145430286857334e+00 5.181494362522835218e+02
4.018152101400933596e+00 2.079029192542778048e+02
4.018158772515009858e+00 1.645983984931073962e+02
4.018165443629085232e+00 4.836730090498700747e+02
4.018172114743161494e+00 6.746113804320642657e+02
4.018178785857237756e+00 6.848577681566233650e+02
4.018185456971314018e+00 5.122383304044004717e+02
4.018192128085390280e+00 2.048417775079815328e+02
4.018198799199465654e+00 1.640596481068864136e+02
4.018205470313541916e+00 4.796776043685115383e+02
4.018212141427618178e+00 6.682437965916178655e+02
4.018218812541694440e+00 6.778370427532992153e+02
4.018225483655769814e+00 5.064476264360203004e+02
4.018232154769846076e+00 2.018425229261072218e+02
4.018238825883922338e+00 1.635335015067620361e+02
4.018245496997998600e+00 4.757652916272319317e+02
4.018252168112073974e+00 6.620067881490117543e+02
4.018258839226150236e+00 6.709590317804779716e+02
4.018265510340226498e+00 5.007735890475524911e+02
4.018272181454302761e+00 1.989032539833488613e+02
4.018278852568378134e+00 1.630195600762185677e+02
4.018285523682454397e+00 4.719334950177866403e+02
4.018292194796530659e+00 6.558963230018156310e+02
4.018298865910606921e+00 6.642193405663828116e+02
4.018305537024682295e+00 4.952126360695392009e+02
4.018312208138758557e+00 1.960221473004958739e+02
4.018318879252834819e+00 1.625174416774474935e+02
4.018325550366911081e+00 4.681797438144196235e+02
4.018332221480987343e+00 6.499085330070040527e+02
4.018338892595062717e+00 6.576137529199221490e+02
4.018345563709138979e+00 4.897613303899310608e+02
4.018352234823215241e+00 1.931974533530722340e+02
4.018358905937291503e+00 1.620267795893814480e+02
4.018365577051366877e+00 4.645016668063939278e+02
4.018372248165443139e+00 6.440397057650194483e+02
4.018378919279519401e+00 6.511382220951662703e+02
4.018385590393595663e+00 4.844163729475585569e+02
4.018392261507671037e+00 1.904274932085030514e+02
4.018398932621747299e+00 1.615472218099120028e+02
4.018405603735823561e+00 4.608969875851436768e+02
4.018412274849899823e+00 6.382862769043158551e+02
4.018418945963975197e+00 6.447888624225748799e+02
4.018425617078051459e+00 4.791745957583177074e+02
4.018432288192127722e+00 1.877106545824352679e+02
4.018438959306203984e+00 1.610784304645601708e+02
4.018445630420279358e+00 4.573635196452971172e+02
4.018452301534355620e+00 6.326448226778048820e+02
4.018458972648431882e+00 6.385619412872824796e+02
4.018465643762508144e+00 4.740329554060674582e+02
4.018472314876584406e+00 1.850453889564549002e+02
4.018478985990659780e+00 1.606200808194506919e+02
4.018485657104736042e+00 4.538991622405637258e+02
4.018492328218812304e+00 6.271120531924444776e+02
4.018498999332888566e+00 6.324538717807752164e+02
4.018505670446963940e+00 4.689885271535692937e+02
4.018512341561040202e+00 1.824302082966696901e+02
4.018519012675116464e+00 1.601718609235409190e+02
4.018525683789192726e+00 4.505018959564408192e+02
4.018532354903268100e+00 6.216848058544799187e+02
4.018539026017344362e+00 6.264612055858742679e+02
4.018545697131420624e+00 4.640384989775819236e+02
4.018552368245496886e+00 1.798636821028906638e+02
4.018559039359572260e+00 1.597334707383897126e+02
4.018565710473648522e+00 4.471697789461236994e+02
4.018572381587724784e+00 6.163600393586049222e+02
4.018579052701801047e+00 6.205806263498177486e+02
4.018585723815876420e+00 4.591801664582908984e+02
4.018592394929952683e+00 1.773444348691375865e+02
4.018599066044028945e+00 1.593046218814371571e+02
4.018605737158105207e+00 4.439009433051757014e+02
4.018612408272181469e+00 6.111348278440049171e+02
4.018619079386256843e+00 6.148089434868339822e+02
4.018625750500333105e+00 4.544109274619497114e+02
4.018632421614409367e+00 1.748711431951790587e+02
4.018639092728485629e+00 1.588850367464030739e+02
4.018645763842561003e+00 4.406935913889299172e+02
4.018652434956637265e+00 6.060063555029406643e+02
4.018659106070713527e+00 6.091430861838675810e+02
4.018665777184789789e+00 4.497282774939168917e+02
4.018672448298865163e+00 1.724425337045181550e+02
4.018679119412941425e+00 1.584744481304616102e+02
4.018685790527017687e+00 4.375459928134854977e+02
4.018692461641093949e+00 6.009719114825524002e+02
4.018699132755169323e+00 6.035800979285094172e+02
4.018705803869245585e+00 4.451298051319622004e+02
4.018712474983321847e+00 1.700573804286568986e+02
4.018719146097398109e+00 1.580725989244190259e+02
4.018725817211473483e+00 4.344564810335800189e+02
4.018732488325549745e+00 5.960288849915451692e+02
4.018739159439626007e+00 5.981171311796119880e+02
4.018745830553702270e+00 4.406131876121012851e+02
4.018752501667778532e+00 1.677145028336195196e+02
4.018759172781853906e+00 1.576792413098931434e+02
4.018765843895930168e+00 4.314234507332693056e+02
4.018772515010006430e+00 5.911747607838279919e+02
4.018779186124082692e+00 5.927514424199694076e+02
4.018785857238158066e+00 4.361761870326806729e+02
4.018792528352234328e+00 1.654127637432822837e+02
4.018799199466310590e+00 1.572941366360265931e+02
4.018805870580386852e+00 4.284453547737509780e+02
4.018812541694462226e+00 5.864071147602796827e+02
4.018819212808538488e+00 5.874803874512085713e+02
4.018825883922614750e+00 4.318166462876757805e+02
4.018832555036691012e+00 1.631510671641883050e+02
4.018839226150766386e+00 1.569170547550235426e+02
4.018845897264842648e+00 4.255207016902122632e+02
4.018852568378918910e+00 5.817236099502933939e+02
4.018859239492995172e+00 5.823014169038540331e+02
4.018865910607070546e+00 4.275324856553949644e+02
4.018872581721146808e+00 1.609283568221388236e+02
4.018879252835223070e+00 1.565477739421174874e+02
4.018885923949299332e+00 4.226480533712681904e+02
4.018892595063375595e+00 5.771219925668151518e+02
4.018899266177450968e+00 5.772120720866652164e+02
4.018905937291527231e+00 4.233216991212744915e+02
4.018912608405603493e+00 1.587436140693750986e+02
4.018919279519679755e+00 1.561860801983092415e+02
4.018925950633755129e+00 4.198260223061276974e+02
4.018932621747831391e+00 5.726000883734150193e+02
4.018939292861907653e+00 5.722099809206057444e+02
4.018945963975983915e+00 4.191823513920309097e+02
4.018952635090059289e+00 1.565958565394324467e+02
4.018959306204135551e+00 1.558317670827783559e+02
4.018965977318211813e+00 4.170532698456361800e+02
4.018972648432288075e+00 5.681557992183895749e+02
4.018979319546363449e+00 5.672928542413676496e+02
4.018985990660439711e+00 4.151125746911759506e+02
4.018992661774515973e+00 1.544841362303255323e+02
4.018999332888592235e+00 1.554846354263932255e+02
4.019006004002667609e+00 4.143285036751369717e+02
4.019012675116743871e+00 5.637870996881737256e+02
4.019019346230820133e+00 5.624584821210858081e+02
4.019026017344896395e+00 4.111105657400619293e+02
4.019032688458972657e+00 1.524075383876841840e+02
4.019039359573048031e+00 1.551444928354116826e+02
4.019046030687124293e+00 4.116504760857573615e+02
4.019052701801200556e+00 5.594920340607096705e+02
4.019059372915276818e+00 5.577047305473721508e+02
4.019066044029352192e+00 4.071745832277685508e+02
4.019072715143428454e+00 1.503651798849458885e+02
4.019079386257504716e+00 1.548111536750774917e+02
4.019086057371580978e+00 4.090179819390612010e+02
4.019092728485656352e+00 5.552687132400526480e+02
4.019099399599732614e+00 5.530295381605151306e+02
4.019106070713808876e+00 4.033029449617397404e+02
4.019112741827885138e+00 1.483562078761429746e+02
4.019119412941960512e+00 1.544844384576703646e+02
4.019126084056036774e+00 4.064298568447876505e+02
4.019132755170113036e+00 5.511153120229677143e+02
4.019139426284189298e+00 5.484309131315824288e+02
4.019146097398264672e+00 3.994940255499197406e+02
4.019152768512340934e+00 1.463797987216648266e+02
4.019159439626417196e+00 1.541641738597667199e+02
4.019166110740493458e+00 4.038849756607986592e+02
4.019172781854569720e+00 5.470300663746381815e+02
4.019179452968645094e+00 5.439069304047634432e+02
4.019186124082721356e+00 3.957462538302628445e+02
4.019192795196797618e+00 1.444351564488534905e+02
4.019199466310873881e+00 1.538501922812386056e+02
4.019206137424949254e+00 4.013822505578490905e+02
4.019212808539025517e+00 5.430112708924506251e+02
4.019219479653101779e+00 5.394557287346991643e+02
4.019226150767178041e+00 3.920581108401372035e+02
4.019232821881253415e+00 1.425215120164444045e+02
4.019239492995329677e+00 1.535423316634445143e+02
4.019246164109405939e+00 3.989206297160329200e+02
4.019252835223482201e+00 5.390572764407410205e+02
4.019259506337557575e+00 5.350755082302300707e+02
4.019266177451633837e+00 3.884281275437172667e+02
4.019272848565710099e+00 1.406381218373772697e+02
4.019279519679786361e+00 1.532404353939524526e+02
4.019286190793861735e+00 3.964990957076489622e+02
4.019292861907937997e+00 5.351664877691268885e+02
4.019299533022014259e+00 5.307645277299232021e+02
4.019306204136090521e+00 3.848548827912684374e+02
4.019312875250166783e+00 1.387842670720410467e+02
4.019319546364242157e+00 1.529443517993136084e+02
4.019326217478318419e+00 3.941166642351049632e+02
4.019332888592394681e+00 5.313373613970477436e+02
4.019339559706470943e+00 5.265211025044876578e+02
4.019346230820546317e+00 3.813370014872853062e+02
4.019352901934622579e+00 1.369592524703829781e+02
4.019359573048698842e+00 1.526539342802362569e+02
4.019366244162775104e+00 3.917723826499426991e+02
4.019372915276850478e+00 5.275684034820259285e+02
4.019379586390926740e+00 5.223436019610999210e+02
4.019386257505003002e+00 3.778731525623525727e+02
4.019392928619079264e+00 1.351624054107793427e+02
4.019399599733154638e+00 1.523690407884948570e+02
4.019406270847230900e+00 3.894653287501606087e+02
4.019412941961307162e+00 5.238581679028658300e+02
4.019419613075383424e+00 5.182304474665165799e+02
4.019426284189458798e+00 3.744620474429749493e+02
4.019432955303535060e+00 1.333930751727939992e+02
4.019439626417611322e+00 1.520895339025088902e+02
4.019446297531687584e+00 3.871946096811628877e+02
4.019452968645763846e+00 5.202052543002123457e+02
4.019459639759839220e+00 5.141801103392926962e+02
4.019466310873915482e+00 3.711024381823610838e+02
4.019472981987991744e+00 1.316506318296844711e+02
4.019479653102068006e+00 1.518152804645548599e+02
4.019486324216143380e+00 3.849593605727651493e+02
4.019492995330219642e+00 5.166083063048126860e+02
4.019499666444295904e+00 5.101911098356220577e+02
4.019506337558372167e+00 3.677931160056445492e+02
4.019513008672447540e+00 1.299344657575174438e+02
4.019519679786523803e+00 1.515461514899235453e+02
4.019526350900600065e+00 3.827587436359496564e+02
4.019533022014676327e+00 5.130660098771174944e+02
4.019539693128751701e+00 5.062620113415870833e+02
4.019546364242827963e+00 3.645329097402102434e+02
4.019553035356904225e+00 1.282439865921207627e+02
4.019559706470980487e+00 1.512820220902092672e+02
4.019566377585055861e+00 3.805919469574033087e+02
4.019573048699132123e+00 5.095770915782284192e+02
4.019579719813208385e+00 5.023914245416827953e+02
4.019586390927284647e+00 3.613206842758830248e+02
4.019593062041360909e+00 1.265786226695553438e+02
4.019599733155436283e+00 1.510227711063455160e+02
4.019606404269512545e+00 3.784581837003080409e+02
4.019613075383588807e+00 5.061403170910720064e+02
4.019619746497665069e+00 4.985780017686946621e+02
4.019626417611740443e+00 3.581553393679048440e+02
4.019633088725816705e+00 1.249378202865331815e+02
4.019639759839892967e+00 1.507682811779674807e+02
4.019646430953969229e+00 3.763566909343987845e+02
4.019653102068044603e+00 5.027544896721670398e+02
4.019659773182120865e+00 4.948204363564229880e+02
4.019666444296197128e+00 3.550358081448252960e+02
4.019673115410273390e+00 1.233210428816927475e+02
4.019679786524348764e+00 1.505184384007617098e+02
4.019686457638425026e+00 3.742867288444998053e+02
4.019693128752501288e+00 4.994184487976248761e+02
4.019699799866577550e+00 4.911174610752097465e+02
4.019706470980652924e+00 3.519610559842653856e+02
4.019713142094729186e+00 1.217277706778782118e+02
4.019719813208805448e+00 1.502731324532530550e+02
4.019726484322881710e+00 3.722475799036782860e+02
4.019733155436957972e+00 4.961310687346967825e+02
4.019739826551033346e+00 4.874678467119574066e+02
4.019746497665109608e+00 3.489300791494590612e+02
4.019753168779185870e+00 1.201574998180169587e+02
4.019759839893262132e+00 1.500322561781802904e+02
4.019766511007337506e+00 3.702385479019757781e+02
4.019773182121413768e+00 4.928912572925107725e+02
4.019779853235490030e+00 4.838704005737434386e+02
4.019786524349566292e+00 3.459419038224821179e+02
4.019793195463641666e+00 1.186097419932415420e+02
4.019799866577717928e+00 1.497957056208574613e+02
4.019806537691794190e+00 3.682589573612111735e+02
4.019813208805870453e+00 4.896979545761288364e+02
4.019819879919945826e+00 4.803239652339007080e+02
4.019826551034022089e+00 3.429955849153288909e+02
4.019833222148098351e+00 1.170840236487101009e+02
4.019839893262174613e+00 1.495633799467605343e+02
4.019846564376249987e+00 3.663081525353218240e+02
4.019853235490326249e+00 4.865501317827150274e+02
4.019859906604402511e+00 4.768274171608091478e+02
4.019866577718478773e+00 3.400902049256034729e+02
4.019873248832555035e+00 1.155798856996912889e+02
4.019879919946630409e+00 1.493351811631131056e+02
4.019886591060706671e+00 3.643854969009522620e+02
4.019893262174782933e+00 4.834467901066117292e+02
4.019899933288859195e+00 4.733796655417992838e+02
4.019906604402934569e+00 3.372248731386346776e+02
4.019913275517010831e+00 1.140968829321199394e+02
4.019919946631087093e+00 1.491110142738007767e+02
4.019926617745163355e+00 3.624903723155755415e+02
4.019933288859238729e+00 4.803869596129972024e+02
4.019939959973314991e+00 4.699796510815303918e+02
4.019946631087391253e+00 3.343987244696089647e+02
4.019953302201467515e+00 1.126345833698326402e+02
4.019959973315542889e+00 1.488907868360548719e+02
4.019966644429619151e+00 3.606221784149605583e+02
4.019973315543695414e+00 4.773696982406158327e+02
4.019979986657771676e+00 4.666263448334352120e+02
4.019986657771847050e+00 3.316109187133872638e+02
4.019993328885923312e+00 1.111925681006610489e+02
4.019999999999999574e+00 1.486744092206565711e+02
