4.009999999999999787e+00 2.828455375110252703e+02
4.010006671114076049e+00 4.952179669050753432e+02
4.010013342228152311e+00 5.239692168210629006e+02
4.010020013342227685e+00 3.563612436457794956e+02
4.010026684456303947e+00 8.251779029536055532e+01
4.010033355570380209e+00 2.856535449845503649e+02
4.010040026684456471e+00 4.995344734021047088e+02
4.010046697798531845e+00 5.280745813635041941e+02
4.010053368912608107e+00 3.586374257279326230e+02
4.010060040026684369e+00 8.220333945820448207e+01
4.010066711140760631e+00 2.885079263084843433e+02
4.010073382254836005e+00 5.039173912008333218e+02
4.010080053368912267e+00 5.322418776487909327e+02
4.010086724482988529e+00 3.609475276612642460e+02
4.010093395597064792e+00 8.188581226607607277e+01
4.010100066711140165e+00 2.914097209533986188e+02
4.010106737825216427e+00 5.083682582371234275e+02
4.010113408939292690e+00 5.364725494397853254e+02
4.010120080053368952e+00 3.632923403719701128e+02
4.010126751167444326e+00 8.156518419767620287e+01
4.010133422281520588e+00 2.943600015816904829e+02
4.010140093395596850e+00 5.128886606185080836e+02
4.010146764509673112e+00 5.407680858644270074e+02
4.010153435623749374e+00 3.656726795920613995e+02
4.010160106737824748e+00 8.124143253591294922e+01
4.010166777851901010e+00 2.973598748697556857e+02
4.010173448965977272e+00 5.174802347641406186e+02
4.010180120080053534e+00 5.451300231854874028e+02
4.010186791194128908e+00 3.680893870832393873e+02
4.010193462308205170e+00 8.091453673743563968e+01
4.010200133422281432e+00 3.004104832419041031e+02
4.010206804536357694e+00 5.221446692601113000e+02
4.010213475650433068e+00 5.495599466915477933e+02
4.010220146764509330e+00 3.705433313138452149e+02
4.010226817878585592e+00 8.058447851326415901e+01
4.010233488992661854e+00 3.035130060596330281e+02
4.010240160106737228e+00 5.268837070293565148e+02
4.010246831220813490e+00 5.540594926581670734e+02
4.010253502334889752e+00 3.730354089844964278e+02
4.010260173448966015e+00 8.025124215561690733e+01
4.010266844563041388e+00 3.066686612615429226e+02
4.010273515677117651e+00 5.316991475345811295e+02
4.010280186791193913e+00 5.586303504593971638e+02
4.010286857905270175e+00 3.755665458107578729e+02
4.010293529019346437e+00 7.991481485766702519e+01
4.010300200133421811e+00 3.098787069266298886e+02
4.010306871247498073e+00 5.365928490235493200e+02
4.010313542361574335e+00 5.632742646715846604e+02
4.010320213475650597e+00 3.781376979441629942e+02
4.010326884589725971e+00 7.957518694900579703e+01
4.010333555703802233e+00 3.131444428213641231e+02
4.010340226817878495e+00 5.415667309611770861e+02
4.010346897931954757e+00 5.679930373876553631e+02
4.010353569046030131e+00 3.807498530806779513e+02
4.010360240160106393e+00 7.923235223199198174e+01
4.010366911274182655e+00 3.164672121273605967e+02
4.010373582388258917e+00 5.466227766234161436e+02
4.010380253502334291e+00 5.727885306202683751e+02
4.010386924616410553e+00 3.834040317833753306e+02
4.010393595730486815e+00 7.888630839854499754e+01
4.010400266844563077e+00 3.198484033679274603e+02
4.010406937958638451e+00 5.517630356679526358e+02
4.010413609072714713e+00 5.776626687438871386e+02
4.010420280186790976e+00 3.861012889421519958e+02
4.010426951300867238e+00 7.853705743574725773e+01
4.010433622414943500e+00 3.232894522543206222e+02
4.010440293529018874e+00 5.569896270895957286e+02
4.010446964643095136e+00 5.826174412240580978e+02
4.010453635757171398e+00 3.888427152490480125e+02
4.010460306871247660e+00 7.818460597210817298e+01
4.010466977985323034e+00 3.267918435605127456e+02
4.010473649099399296e+00 5.623047419638695601e+02
4.010480320213475558e+00 5.876549052982658168e+02
4.010486991327551820e+00 3.916294385811595475e+02
4.010493662441627194e+00 7.782896588472387123e+01
4.010500333555703456e+00 3.303571134958755806e+02
4.010507004669779718e+00 5.677106466988022930e+02
4.010513675783855980e+00 5.927771889693381127e+02
4.010520346897931354e+00 3.944626257364458866e+02
4.010527018012007616e+00 7.747015462832379740e+01
4.010533689126083878e+00 3.339868516917387069e+02
4.010540360240160140e+00 5.732096862040634733e+02
4.010547031354235514e+00 5.979864940091807739e+02
4.010553702468311776e+00 3.973434839793583251e+02
4.010560373582388038e+00 7.710819599055403728e+01
4.010567044696464301e+00 3.376827035318811454e+02
4.010573715810540563e+00 5.788042873830696635e+02
4.010580386924615937e+00 6.032850992015514748e+02
4.010587058038692199e+00 4.002732630451247360e+02
4.010593729152768461e+00 7.674312058096268174e+01
4.010600400266844723e+00 3.414463727572990592e+02
4.010607071380920097e+00 5.844969626383419836e+02
4.010613742494996359e+00 6.086753637806320967e+02
4.010620413609072621e+00 4.032532567515899586e+02
4.010627084723148883e+00 7.637496659144140665e+01
4.010633755837224257e+00 3.452796238937493740e+02
4.010640426951300519e+00 5.902903138580726363e+02
4.010647098065376781e+00 6.141597309421742921e+02
4.010653769179453043e+00 4.062848052198373239e+02
4.010660440293528417e+00 7.600378044414568990e+01
4.010667111407604679e+00 3.491842851525024685e+02
4.010673782521680941e+00 5.961870361825073132e+02
4.010680453635757203e+00 6.197407316533949597e+02
4.010687124749832577e+00 4.093692967281699566e+02
4.010693795863908839e+00 7.562961758843664484e+01
4.010700466977985101e+00 3.531622510041241867e+02
4.010707138092061363e+00 6.021899224136348039e+02
4.010713809206137626e+00 6.254209886514182699e+02
4.010720480320212999e+00 4.125081699736595056e+02
4.010727151434289262e+00 7.525254343280283820e+01
4.010733822548365524e+00 3.572154854915333431e+02
4.010740493662441786e+00 6.083018673482499707e+02
4.010747164776517160e+00 6.312032205771022291e+02
4.010753835890593422e+00 4.157029164589138190e+02
4.010760507004669684e+00 7.487263430006260023e+01
4.010767178118745946e+00 3.613460252960098842e+02
4.010773849232821320e+00 6.145258725449065196e+02
4.010780520346897582e+00 6.370902464343047313e+02
4.010787191460973844e+00 4.189550829190316108e+02
4.010793862575050106e+00 7.448997835375944021e+01
4.010800533689125480e+00 3.655559830014675526e+02
4.010807204803201742e+00 6.208650513056468299e+02
4.010813875917278004e+00 6.430849902722662819e+02
4.010820547031354266e+00 4.222662737887160347e+02
4.010827218145429640e+00 7.410467689252706691e+01
4.010833889259505902e+00 3.698475509231805063e+02
4.010840560373582164e+00 6.273226338363911054e+02
4.010847231487658426e+00 6.491904861324103422e+02
4.010853902601734688e+00 4.256381539824278093e+02
4.010860573715810062e+00 7.371684532305108917e+01
4.010867244829886324e+00 3.742230045946035943e+02
4.010873915943962587e+00 6.339019727986600401e+02
4.010880587058038849e+00 6.554098832115336108e+02
4.010887258172114223e+00 4.290724518883767473e+02
4.010893929286190485e+00 7.332661483001234615e+01
4.010900600400266747e+00 3.786847068990488197e+02
4.010907271514343009e+00 6.406065492415303879e+02
4.010913942628418383e+00 6.617464514758622727e+02
4.010920613742494645e+00 4.325709621409677084e+02
4.010927284856570907e+00 7.293413356939339565e+01
4.010933955970647169e+00 3.832351121314508759e+02
4.010940627084722543e+00 6.474399786979710143e+02
4.010947298198798805e+00 6.682035873490523272e+02
4.010953969312875067e+00 4.361355491024148137e+02
4.010960640426951329e+00 7.253956843286270839e+01
4.010967311541026703e+00 3.878767705974187834e+02
4.010973982655102965e+00 6.544060178647503108e+02
4.010980653769179227e+00 6.747848200744875840e+02
4.010987324883255489e+00 4.397681501183801061e+02
4.010993995997331751e+00 7.214310669039092261e+01
4.011000667111407125e+00 3.926123333153386739e+02
4.011007338225483387e+00 6.615085713788918156e+02
4.011014009339559649e+00 6.814938181267269783e+02
4.011020680453635912e+00 4.434707792438067031e+02
4.011027351567711285e+00 7.174495794248470304e+01
4.011034022681787548e+00 3.974445569011299995e+02
4.011040693795863810e+00 6.687516993284855289e+02
4.011047364909940072e+00 6.883343962287218574e+02
4.011054036024015446e+00 4.472455309661819456e+02
4.011060707138091708e+00 7.134535612029549156e+01
4.011067378252167970e+00 4.023763088398185346e+02
4.011074049366244232e+00 6.761396249896080235e+02
4.011080720480319606e+00 6.953105226640579986e+02
4.011087391594395868e+00 4.510945841996291392e+02
4.011094062708472130e+00 7.094456188363378146e+01
4.011100733822548392e+00 4.074105732949269623e+02
4.011107404936623766e+00 6.836767430656560691e+02
4.011114076050700028e+00 7.024263270726664814e+02
4.011120747164776290e+00 4.550202068561979445e+02
4.011127418278852552e+00 7.054286491425773420e+01
4.011134089392928814e+00 4.125504568137199612e+02
4.011140760507004188e+00 6.913676285878976842e+02
4.011147431621080450e+00 7.096861087918218800e+02
4.011154102735156712e+00 4.590247601428485495e+02
4.011160773849232974e+00 7.014058671962672520e+01
4.011167444963308348e+00 4.177991948393647590e+02
4.011174116077384610e+00 6.992170461572534350e+02
4.011180787191460873e+00 7.170943456375716778e+02
4.011187458305537135e+00 4.631107035103086105e+02
4.011194129419612509e+00 6.973808347049323686e+01
4.011200800533688771e+00 4.231601584382297006e+02
4.011207471647765033e+00 7.072299598333370341e+02
4.011214142761841295e+00 7.246557032276837162e+02
4.011220813875916669e+00 4.672805999660070029e+02
4.011227484989992931e+00 6.933574914848337301e+01
4.011234156104069193e+00 4.286368613122678539e+02
4.011240827218145455e+00 7.154115437883650657e+02
4.011247498332220829e+00 7.323750450173307627e+02
4.011254169446297091e+00 4.715371212345810363e+02
4.011260840560373353e+00 6.893401906862362694e+01
4.011267511674449615e+00 4.342329674127368548e+02
4.011274182788525877e+00 7.237671934739383914e+02
4.011280853902601251e+00 7.402574427351939903e+02
4.011287525016677513e+00 4.758830539195150209e+02
4.011294196130753775e+00 6.853337359199602474e+01
4.011300867244830037e+00 4.399522992241383008e+02
4.011307538358905411e+00 7.323025375148708918e+02
4.011314209472981673e+00 7.483081878628576078e+02
4.011320880587057935e+00 4.803213055482081586e+02
4.011327551701134198e+00 6.813434212785435307e+01
4.011334222815209571e+00 4.457988460715524184e+02
4.011340893929285834e+00 7.410234505921570189e+02
4.011347565043362096e+00 7.565328034976275831e+02
4.011354236157438358e+00 4.848549113406023707e+02
4.011360907271513732e+00 6.773750758068285904e+01
4.011367578385589994e+00 4.517767738361869192e+02
4.011374249499666256e+00 7.499360668629930160e+02
4.011380920613742518e+00 7.649370572657807088e+02
4.011387591727817892e+00 4.894870412214865496e+02
4.011394262841894154e+00 6.734351103449252207e+01
4.011400933955970416e+00 4.578904341132744094e+02
4.011407605070046678e+00 7.590467945904102862e+02
4.011414276184122940e+00 7.735269749431547552e+02
4.011420947298198314e+00 4.942210071874758341e+02
4.011427618412274576e+00 6.695305700525307202e+01
4.011434289526350838e+00 4.641443752035614807e+02
4.011440960640427100e+00 7.683623314349420070e+02
4.011447631754502474e+00 7.823088550981167373e+02
4.011454302868578736e+00 4.990602716764702222e+02
4.011460973982654998e+00 6.656691883891066652e+01
4.011467645096731260e+00 4.705433530179563490e+02
4.011474316210806634e+00 7.778896811700730041e+02
4.011480987324882896e+00 7.912892846515285328e+02
4.011487658438959159e+00 5.040084561483944867e+02
4.011494329553035421e+00 6.618594478409151804e+01
4.011501000667110794e+00 4.770923431493517342e+02
4.011507671781187057e+00 7.876361712725673669e+02
4.011514342895263319e+00 8.004751556819883263e+02
4.011521014009339581e+00 5.090693500469779451e+02
4.011527685123414955e+00 6.581106431900758480e+01
4.011534356237491217e+00 4.837965537778089811e+02
4.011541027351567479e+00 7.976094718449871834e+02
4.011547698465643741e+00 8.098736831668477407e+02
4.011554369579720003e+00 5.142469209995541632e+02
4.011561040693795377e+00 6.544329498765148401e+01
4.011567711807871639e+00 4.906614391881400365e+02
4.011574382921947901e+00 8.078176158219940817e+02
4.011581054036024163e+00 8.194924242027354921e+02
4.011587725150099537e+00 5.195453251904637000e+02
4.011594396264175799e+00 6.508374977460388777e+01
4.011601067378252061e+00 4.976927144510808034e+02
4.011607738492328323e+00 8.182690207931831310e+02
4.011614409606403697e+00 8.293392985309092182e+02
4.011621080720479959e+00 5.249689186519341320e+02
4.011627751834556221e+00 6.473364484269508523e+01
4.011634422948632483e+00 5.048963713940570983e+02
4.011641094062707857e+00 8.289725121567805672e+02
4.011647765176784119e+00 8.394226104544537748e+02
4.011654436290860382e+00 5.305222696343207645e+02
4.011661107404936644e+00 6.439430779173098074e+01
4.011667778519012018e+00 5.122786952906806164e+02
4.011674449633088280e+00 8.399373482909707036e+02
4.011681120747164542e+00 8.497510725799437523e+02
4.011687791861240804e+00 5.362101716199887278e+02
4.011694462975317066e+00 6.406718631004487463e+01
4.011701134089392440e+00 5.198462832874532751e+02
4.011707805203468702e+00 8.511732472347366638e+02
4.011714476317544964e+00 8.603338312154418190e+02
4.011721147431621226e+00 5.420376571929722331e+02
4.011727818545696600e+00 6.375385736947860238e+01
4.011734489659772862e+00 5.276060635322201051e+02
4.011741160773849124e+00 8.626904157321001776e+02
4.011747831887925386e+00 8.711804935635794891e+02
4.011754503002000760e+00 5.480100134835068957e+02
4.011761174116077022e+00 6.345603663944418571e+01
4.011767845230153284e+00 5.355653166276972570e+02
4.011774516344229546e+00 8.744995801967136231e+02
4.011781187458304920e+00 8.823011573301237149e+02
4.011787858572381182e+00 5.541327978591237979e+02
4.011794529686457444e+00 6.317558842741598824e+01
4.011801200800533707e+00 5.437316979331986886e+02
4.011807871914609080e+00 8.866120203071013748e+02
4.011814543028685343e+00 8.937064421988103504e+02
4.011821214142761605e+00 5.604118562068102847e+02
4.011827885256837867e+00 6.291453575437349599e+01
4.011834556370914129e+00 5.521132622353686656e+02
4.011841227484989503e+00 8.990396051399256976e+02
4.011847898599065765e+00 9.054075242381532007e+02
4.011854569713142027e+00 5.668533412434061347e+02
4.011861240827218289e+00 6.267507069756408100e+01
4.011867911941293663e+00 5.607184899207617264e+02
4.011874583055369925e+00 9.117948321038196582e+02
4.011881254169446187e+00 9.174161726289634089e+02
4.011887925283522449e+00 5.734637333258349372e+02
4.011894596397597823e+00 6.245956473181556845e+01
4.011901267511674085e+00 5.695563156592909309e+02
4.011907938625750347e+00 9.248908690630130423e+02
4.011914609739826609e+00 9.297447896177629900e+02
4.011921280853901983e+00 5.802498622881057599e+02
4.011927951967978245e+00 6.227057906526284370e+01
4.011934623082054507e+00 5.786361587937019522e+02
4.011941294196130769e+00 9.383416000137034416e+02
4.011947965310206143e+00 9.424064537257836491e+02
4.011954636424282405e+00 5.872189313407523059e+02
4.011961307538358668e+00 6.211087475564583116e+01
4.011967978652434930e+00 5.879679570124262682e+02
4.011974649766511192e+00 9.521616742844289547e+02
4.011981320880586566e+00 9.554149663005927096e+02
4.011987991994662828e+00 5.943785430926757272e+02
4.011994663108739090e+00 6.198342240337863984e+01
4.012001334222815352e+00 5.975622023830936769e+02
4.012008005336890726e+00 9.663665601124388331e+02
4.012014676450966988e+00 9.687849023393903281e+02
4.012021347565043250e+00 6.017367276157301603e+02
4.012028018679119512e+00 6.189141127045554214e+01
4.012034689793194886e+00 6.074299802431895614e+02
4.012041360907271148e+00 9.809726026675589310e+02
4.012048032021347410e+00 9.825316653526236905e+02
4.012054703135423672e+00 6.093019726981299300e+02
4.012061374249499046e+00 6.183825757538569690e+01
4.012068045363575308e+00 6.175830120483969949e+02
4.012074716477651570e+00 9.959970870110889791e+02
4.012081387591727832e+00 9.966715471674929177e+02
4.012088058705803206e+00 6.170832571531772146e+02
4.012094729819879468e+00 6.182761177344045223e+01
4.012101400933955730e+00 6.280337019814381847e+02
4.012108072048031993e+00 1.011458306624760439e+03
4.012114743162108255e+00 1.011221792779871294e+03
4.012121414276183629e+00 6.250900865394809216e+02
4.012128085390259891e+00 6.186336456901346992e+01
4.012134756504336153e+00 6.387951859195623001e+02
4.012141427618412415e+00 1.027375638144289042e+03
4.012148098732487789e+00 1.026200671284575719e+03
4.012154769846564051e+00 6.333325328721055030e+02
4.012161440960640313e+00 6.194965147060134569e+01
4.012168112074716575e+00 6.498813876933153324e+02
4.012174783188791949e+00 1.043769622608117970e+03
4.012181454302868211e+00 1.041627552726402200e+03
4.012188125416944473e+00 6.418212769375268181e+02
4.012194796531020735e+00 6.209085568454037229e+01
4.012201467645096109e+00 6.613070783612698733e+02
4.012208138759172371e+00 1.060662054370606256e+03
4.012214809873248633e+00 1.057522992692778416e+03
4.012221480987324895e+00 6.505676551999387129e+02
4.012228152101400269e+00 6.229160928309410394e+01
4.012234823215476531e+00 6.730879418391315312e+02
4.012241494329552793e+00 1.078076077972932353e+03
4.012248165443629055e+00 1.073908824106090378e+03
4.012254836557705318e+00 6.595837110348479655e+02
4.012261507671780691e+00 6.255679254169255188e+01
4.012268178785856954e+00 6.852406460252084344e+02
4.012274849899933216e+00 1.096036294566539709e+03
4.012281521014009478e+00 1.090808258206838445e+03
4.012288192128084852e+00 6.688822504524854367e+02
4.012294863242161114e+00 6.289153141208487341e+01
4.012301534356237376e+00 6.977829216680262334e+02
4.012308205470313638e+00 1.114568878114714835e+03
4.012314876584389012e+00 1.108245994938322383e+03
4.012321547698465274e+00 6.784769033678231835e+02
4.012328218812541536e+00 6.330119340734385958e+01
4.012334889926617798e+00 7.107336482776530602e+02
4.012341561040693172e+00 1.133701703270331336e+03
4.012348232154769434e+00 1.126248344238770869e+03
4.012354903268845696e+00 6.883821914315841468e+02
4.012361574382921958e+00 6.379138220327379116e+01
4.012368245496997332e+00 7.241129482684827963e+02
4.012374916611073594e+00 1.153464485767000042e+03
4.012381587725149856e+00 1.144843359520471495e+03
4.012388258839226118e+00 6.986136015833665169e+02
4.012394929953302380e+00 6.436793110357891123e+01
4.012401601067377754e+00 7.379422916331952820e+02
4.012408272181454016e+00 1.173888936882672397e+03
4.012414943295530279e+00 1.164060984403047769e+03
4.012421614409606541e+00 7.091876678957581817e+02
4.012428285523681915e+00 6.503689641287984102e+01
4.012434956637758177e+00 7.522446099761933738e+02
4.012441627751834439e+00 1.195008933802856291e+03
4.012448298865910701e+00 1.183933214643966039e+03
4.012454969979986075e+00 7.201220617541614502e+02
4.012461641094062337e+00 6.580455111590977424e+01
4.012468312208138599e+00 7.670444233525294067e+02
4.012474983322214861e+00 1.216860707845157322e+03
4.012481654436290235e+00 1.204494277139654059e+03
4.012488325550366497e+00 7.314356907912632551e+02
4.012494996664442759e+00 6.667737980935415010e+01
4.012501667778519021e+00 7.823679799152237138e+02
4.012508338892594395e+00 1.239483052453297432e+03
4.012515010006670657e+00 1.225780827516637373e+03
4.012521681120746919e+00 7.431488095198446899e+02
4.012528352234823181e+00 6.766207588984636345e+01
4.012535023348898555e+00 7.982434111183163168e+02
4.012541694462974817e+00 1.262917553861620036e+03
4.012548365577051079e+00 1.247832169909339427e+03
4.012555036691127341e+00 7.552831410479832357e+02
4.012561707805203604e+00 6.876554252007906598e+01
4.012568378919278977e+00 8.147009036573260801e+02
4.012575050033355240e+00 1.287208846795847876e+03
4.012581721147431502e+00 1.270690500176758178e+03
4.012588392261507764e+00 7.678620129488633665e+02
4.012595063375583138e+00 6.999489777306037297e+01
4.012601734489659400e+00 8.317728903700996170e+02
4.012608405603735662e+00 1.312404899248074571e+03
4.012615076717811924e+00 1.294401177075193118e+03
4.012621747831887298e+00 7.809105078398466731e+02
4.012628418945963560e+00 7.135748597887400990e+01
4.012635090060039822e+00 8.494942630649414923e+02
4.012641761174116084e+00 1.338557329433604536e+03
4.012648432288191458e+00 1.319013024116813767e+03
4.012655103402267720e+00 7.944556316314374271e+02
4.012661774516343982e+00 7.286089543407024394e+01
4.012668445630420244e+00 8.679026103806096444e+02
4.012675116744495618e+00 1.365721759684641938e+03
4.012681787858571880e+00 1.344578666830231441e+03
4.012688458972648142e+00 8.085265016905732409e+02
4.012695130086724404e+00 7.451298491688682191e+01
4.012701801200800666e+00 8.870384829078741404e+02
4.012708472314876040e+00 1.393958212500043146e+03
4.012715143428952302e+00 1.371154910292909562e+03
4.012721814543028565e+00 8.231545573049833138e+02
4.012728485657104827e+00 7.632191879065278783e+01
4.012735156771180201e+00 9.069456911637793155e+02
4.012741827885256463e+00 1.423331554344116967e+03
4.012748498999332725e+00 1.398803162491286457e+03
4.012755170113408987e+00 8.383737954309667657e+02
4.012761841227484361e+00 7.829621207503971902e+01
4.012768512341560623e+00 9.276716398066591864e+02
4.012775183455636885e+00 1.453911994356697733e+03
4.012781854569713147e+00 1.427589909989388843e+03
4.012788525683788521e+00 8.542210367885107871e+02
4.012795196797864783e+00 8.044478715467640484e+01
4.012801867911941045e+00 9.492677036107646700e+02
4.012808539026017307e+00 1.485775645902618407e+03
4.012815210140092681e+00 1.457587254202086115e+03
4.012821881254168943e+00 8.707362244743418387e+02
4.012828552368245205e+00 8.277704131082668937e+01
4.012835223482321467e+00 9.717896519299898728e+02
4.012841894596397729e+00 1.519005160699082353e+03
4.012848565710473103e+00 1.488873516703787345e+03
4.012855236824549365e+00 8.879627628047235248e+02
4.012861907938625627e+00 8.530292731325602062e+01
4.012868579052701890e+00 9.952981292061697332e+02
4.012875250166777263e+00 1.553690446067068251e+03
4.012881921280853526e+00 1.521533925094305914e+03
4.012888592394929788e+00 9.059479000878726538e+02
4.012895263509006050e+00 8.803304778554314680e+01
4.012901934623081424e+00 1.019859198796561941e+03
4.012908605737157686e+00 1.589929479224225361e+03
4.012915276851233948e+00 1.555661390963633949e+03
4.012921947965310210e+00 9.247431641492165681e+02
4.012928619079385584e+00 9.097876356668081144e+01
4.012935290193461846e+00 1.045544963171195832e+03
4.012941961307538108e+00 1.627829233218738864e+03
4.012948632421614370e+00 1.591357396132640588e+03
4.012955303535689744e+00 9.444048576734638800e+02
4.012961974649766006e+00 9.415231862653878636e+01
4.012968645763842268e+00 1.072434268534669172e+03
4.012975316877918530e+00 1.667506733784058724e+03
4.012981987991994792e+00 1.628733003886563893e+03
4.012988659106070166e+00 9.649946244031054903e+02
4.012995330220146428e+00 9.756698138873092319e+01
4.013002001334222690e+00 1.100613513342019814e+03
4.013008672448298952e+00 1.709090268444592994e+03
4.013015343562374326e+00 1.667910017287076698e+03
4.013022014676450588e+00 9.865800981868852659e+02
4.013028685790526850e+00 1.012372070184323007e+02
4.013035356904603113e+00 1.130177573823747480e+03
4.013042028018678486e+00 1.752720774788280551e+03
4.013048699132754749e+00 1.709022309287254529e+03
4.013055370246831011e+00 1.009235648656990634e+03
4.013062041360907273e+00 1.051788210321008421e+02
4.013068712474982647e+00 1.161230870410373200e+03
4.013075383589058909e+00 1.798553439024832414e+03
4.013082054703135171e+00 1.752217356102332133e+03
4.013088725817211433e+00 1.033043240634616268e+03
4.013095396931286807e+00 1.094092284711576610e+02
4.013102068045363069e+00 1.193888598764757944e+03
4.013108739159439331e+00 1.846759543246083467e+03
4.013115410273515593e+00 1.797658009733112976e+03
4.013122081387591855e+00 1.058093429856023022e+03
4.013128752501667229e+00 1.139476541964783110e+02
4.013135423615743491e+00 1.228278156011731426e+03
4.013142094729819753e+00 1.897528607759063334e+03
4.013148765843896015e+00 1.845524555577351293e+03
4.013155436957971389e+00 1.084486518191882169e+03
4.013162108072047651e+00 1.188154168966061093e+02
4.013168779186123913e+00 1.264540800197302360e+03
4.013175450300200175e+00 1.951070885187456497e+03
4.013182121414275549e+00 1.896017109536422822e+03
4.013188792528351811e+00 1.112333901099981404e+03
4.013195463642428074e+00 1.240362465228459143e+02
4.013202134756504336e+00 1.302833587964422350e+03
4.013208805870579710e+00 2.007620274808089107e+03
4.013215476984655972e+00 1.949358421267100312e+03
4.013222148098732234e+00 1.141759645308342442e+03
4.013228819212808496e+00 1.296366513216963767e+02
4.013235490326883870e+00 1.343331647279103890e+03
4.013242161440960132e+00 2.067437743602072715e+03
4.013248832555036394e+00 2.005797167686607281e+03
4.013255503669112656e+00 1.172902343223491471e+03
4.013262174783188918e+00 1.356463470655603487e+02
4.013268845897264292e+00 1.386230852909014857e+03
4.013275517011340554e+00 2.130815357667534045e+03
4.013282188125416816e+00 2.065611838022289248e+03
4.013288859239493078e+00 1.205917302298067625e+03
4.013295530353568452e+00 1.420987589282982810e+02
4.013302201467644714e+00 1.431750991957494080e+03
4.013308872581720976e+00 2.198081057613547728e+03
4.013315543695797238e+00 2.129115339596160993e+03
4.013322214809872612e+00 1.240979143821942671e+03
4.013328885923948874e+00 1.490316168723691135e+02
4.013335557038025136e+00 1.480139528602328255e+03
4.013342228152101399e+00 2.269604340682510610e+03
4.013348899266176772e+00 2.196660484187610109e+03
4.013355570380253035e+00 1.278284900877063819e+03
4.013362241494329297e+00 1.564876589530266813e+02
4.013368912608405559e+00 1.531676101719666804e+03
4.013375583722480933e+00 2.345803058971921928e+03
4.013382254836557195e+00 2.268646558702174843e+03
4.013388925950633457e+00 1.318057734215276923e+03
4.013395597064709719e+00 1.645154766734486032e+02
4.013402268178785981e+00 1.586677929258589757e+03
4.013408939292861355e+00 2.427151596949845498e+03
4.013415610406937617e+00 2.345527238683189807e+03
4.013422281521013879e+00 1.360551410209747246e+03
4.013428952635090141e+00 1.731705294608067902e+02
4.013435623749165515e+00 1.645506340684122506e+03
4.013442294863241777e+00 2.514190766461505973e+03
4.013448965977318039e+00 2.427820174999630126e+03
4.013455637091394301e+00 1.406055735055368814e+03
4.013462308205469675e+00 1.825163764240225532e+02
4.013468979319545937e+00 1.708574720677491086e+03
4.013475650433622199e+00 2.607539855741644715e+03
4.013482321547698461e+00 2.516118683002262514e+03
4.013488992661773835e+00 1.454903187420580934e+03
4.013495663775850097e+00 1.926261791411533011e+02
4.013502334889926360e+00 1.776358232308687775e+03
4.013509006004002622e+00 2.707911399885130777e+03
4.013515677118077996e+00 2.611106091815344371e+03
4.013522348232154258e+00 1.507477072711787514e+03
4.013529019346230520e+00 2.035845493167888378e+02
4.013535690460306782e+00 1.849405806810294962e+03
4.013542361574383044e+00 2.816129417335916514e+03
4.013549032688458418e+00 2.713573487071288582e+03
4.013555703802534680e+00 1.564221622084484579e+03
4.013562374916610942e+00 2.154898393983257563e+02
4.013569046030687204e+00 1.928355036282608125e+03
4.013575717144762578e+00 2.933152101052600756e+03
4.013582388258838840e+00 2.824441823876394665e+03
4.013589059372915102e+00 1.625654598296843687e+03
4.013595730486991364e+00 2.284570063242703952e+02
4.013602401601066738e+00 2.013950826413414461e+03
4.013609072715143000e+00 3.060100286805936776e+03
4.013615743829219262e+00 2.944789717214837765e+03
4.013622414943295524e+00 1.692383165873415464e+03
4.013629086057370898e+00 2.426212196682312765e+02
4.013635757171447160e+00 2.107068966970375641e+03
4.013642428285523422e+00 3.198293490741031746e+03
4.013649099399599685e+00 3.075888688275965706e+03
4.013655770513675058e+00 1.765124058607066900e+03
4.013662441627751321e+00 2.581424590335781772e+02
4.013669112741827583e+00 2.208746197155986010e+03
4.013675783855903845e+00 3.349295973530259744e+03
4.013682454969980107e+00 3.219248308079088929e+03
4.013689126084055481e+00 1.844729462422298639e+03
4.013695797198131743e+00 2.752114198903965985e+02
4.013702468312208005e+00 2.320218960287579648e+03
4.013709139426284267e+00 3.514976243979881929e+03
4.013715810540359641e+00 3.376674642260538803e+03
4.013722481654435903e+00 1.932220601927347616e+03
4.013729152768512165e+00 2.940572006146495596e+02
4.013735823882588427e+00 2.442973921088376756e+03
4.013742494996663801e+00 3.697584809481572393e+03
4.013749166110740063e+00 3.550346801683092053e+03
4.013755837224816325e+00 2.028831838189410064e+03
4.013762508338892587e+00 3.149574158527161671e+02
4.013769179452967961e+00 2.578814636687823167e+03
4.013775850567044223e+00 3.899857054333399446e+03
4.013782521681120485e+00 3.742918504823196599e+03
4.013789192795196747e+00 2.136069334271176558e+03
4.013795863909272121e+00 3.382516907152977979e+02
4.013802535023348383e+00 2.729950743606376818e+03
4.013809206137424646e+00 4.125151257928645464e+03
4.013815877251500908e+00 3.957654727958141848e+03
4.013822548365577170e+00 2.255790226272402833e+03
4.013829219479652544e+00 3.643599259212239758e+02
4.013835890593728806e+00 2.899119061900288671e+03
4.013842561707805068e+00 4.377636603875815126e+03
4.013849232821881330e+00 4.198618456774514016e+03
4.013855903935956704e+00 2.390311177792029412e+03
4.013862575050032966e+00 3.938074261369395686e+02
4.013869246164109228e+00 3.089750789213752341e+03
4.013875917278185490e+00 4.662553659051740397e+03
4.013882588392260864e+00 4.470930359533257615e+03
4.013889259506337126e+00 2.542559882995030421e+03
4.013895930620413388e+00 4.272601040870375755e+02
4.013902601734489650e+00 3.306206635396820730e+03
4.013909272848565024e+00 4.986582151665761558e+03
4.013915943962641286e+00 4.781136917101483050e+03
4.013922615076717548e+00 2.716290741481019268e+03
4.013929286190793810e+00 4.655748109653829943e+02
4.013935957304869184e+00 3.554114441507043011e+03
4.013942628418945446e+00 5.358371416592689457e+03
4.013949299533021708e+00 5.137743811749576707e+03
4.013955970647097971e+00 2.916398822132170608e+03
4.013962641761174233e+00 5.098729558360815872e+02
4.013969312875249607e+00 3.840865488960829680e+03
4.013975983989325869e+00 5.789324123553891695e+03
4.013982655103402131e+00 5.552008124669924655e+03
4.013989326217478393e+00 3.149388670342572823e+03
4.013995997331553767e+00 5.616510406659130012e+02
4.014002668445630029e+00 4.176363901170043391e+03
4.014009339559706291e+00 6.294786587979378965e+03
4.014016010673782553e+00 6.039148740123091557e+03
4.014022681787857927e+00 3.424095039791573072e+03
4.014029352901934189e+00 6.229516819022427399e+02
4.014036024016010451e+00 4.574193714186146281e+03
4.014042695130086713e+00 6.895915036000945292e+03
4.014049366244162087e+00 6.620257378626238278e+03
4.014056037358238349e+00 3.752829011704181539e+03
4.014062708472314611e+00 6.966375921859582832e+02
4.014069379586390873e+00 5.053502992268248818e+03
4.014076050700466247e+00 7.622712477135035442e+03
4.014082721814542509e+00 7.325433913138724165e+03
4.014089392928618771e+00 4.153274395182925218e+03
4.014096064042695033e+00 7.868489222284983953e+02
4.014102735156771296e+00 5.642177612384690292e+03
4.014109406270846669e+00 8.519192832426435416e+03
4.014116077384922932e+00 8.199170408676665829e+03
4.014122748498999194e+00 4.651777574444902712e+03
4.014129419613075456e+00 8.998050926897832369e+02
4.014136090727150830e+00 6.382467224558116868e+03
4.014142761841227092e+00 9.652640534179985480e+03
4.014149432955303354e+00 9.310120972768716456e+03
4.014156104069379616e+00 5.289392056990242054e+03
4.014162775183454990e+00 1.045297298678032803e+03
4.014169446297531252e+00 7.341600537599931158e+03
4.014176117411607514e+00 1.113133203451347435e+04
4.014182788525683776e+00 1.077008032479685971e+04
4.014189459639759150e+00 6.133805203314412211e+03
4.014196130753835412e+00 1.239682130404974032e+03
4.014202801867911674e+00 8.633447410203823893e+03
4.014209472981987936e+00 1.314136195513179518e+04
4.014216144096063310e+00 1.277418480444402849e+04
4.014222815210139572e+00 7.305118181254585579e+03
4.014229486324215834e+00 1.512492403942576175e+03
4.014236157438292096e+00 1.046745396180727221e+04
4.014242828552368358e+00 1.603186512620398207e+04
4.014249499666443732e+00 1.569636474146080946e+04
4.014256170780519994e+00 9.038758448004131424e+03
4.014262841894596257e+00 1.923050246956943283e+03
4.014269513008672519e+00 1.327554920913412752e+04
4.014276184122747893e+00 2.054364517305580739e+04
4.014282855236824155e+00 2.035496322150691776e+04
4.014289526350900417e+00 1.186763450417103195e+04
4.014296197464976679e+00 2.610691604851901502e+03
4.014302868579052053e+00 1.811437579286195250e+04
4.014309539693128315e+00 2.857247904349163218e+04
4.014316210807204577e+00 2.895205449163429876e+04
4.014322881921280839e+00 1.730896462775070177e+04
4.014329553035356213e+00 3.998300199079824324e+03
4.014336224149432475e+00 2.843440258595830528e+04
4.014342895263508737e+00 4.685768296568759251e+04
4.014349566377584999e+00 5.013978126402150519e+04
4.014356237491660373e+00 3.208656090484698871e+04
4.014362908605736635e+00 8.260534359993273029e+03
4.014369579719812897e+00 6.571332175191763963e+04
4.014376250833889159e+00 1.297988418960656418e+05
4.014382921947965421e+00 1.872293277617623389e+05
4.014389593062040795e+00 2.253224613834704505e+05
4.014396264176117057e+00 2.353904164349187631e+05
4.014402935290193319e+00 2.151049335362731072e+05
4.014409606404269582e+00 1.691363743668415118e+05
4.014416277518344955e+00 1.078760170957830705e+05
4.014422948632421217e+00 4.462189847968026879e+04
4.014429619746497480e+00 7.939777496982292178e+03
4.014436290860573742e+00 4.093098238083017350e+04
4.014442961974649116e+00 5.125899159878768842e+04
4.014449633088725378e+00 4.186069830144373555e+04
4.014456304202801640e+00 2.025056036718875112e+04
4.014462975316877902e+00 4.095443834790406527e+03
4.014469646430953276e+00 2.266015478245241684e+04
4.014476317545029538e+00 3.022512431052086322e+04
4.014482988659105800e+00 2.596344717522818610e+04
4.014489659773182062e+00 1.307605828915801249e+04
4.014496330887257436e+00 2.785112410776899196e+03
4.014503002001333698e+00 1.568719353685387796e+04
4.014509673115409960e+00 2.144018766209974638e+04
4.014516344229486222e+00 1.881437081190271783e+04
4.014523015343562484e+00 9.643697364421836028e+03
4.014529686457637858e+00 2.124476006402739131e+03
4.014536357571714120e+00 1.200772869363477730e+04
4.014543028685790382e+00 1.661740104785467338e+04
4.014549699799866644e+00 1.475047122457882688e+04
4.014556370913942018e+00 7.631275607125363422e+03
4.014563042028018280e+00 1.726376844679931082e+03
4.014569713142094542e+00 9.734148479430907173e+03
4.014576384256170805e+00 1.356949832132956908e+04
4.014583055370246178e+00 1.212906208213745595e+04
4.014589726484322441e+00 6.308670512074438193e+03
4.014596397598398703e+00 1.460291662300640382e+03
4.014603068712474965e+00 8.189938061941315937e+03
4.014609739826550339e+00 1.146894884979166454e+04
4.014616410940626601e+00 1.029786434550231024e+04
4.014623082054702863e+00 5.373082469201106505e+03
4.014629753168779125e+00 1.269917431901205873e+03
4.014636424282854499e+00 7.072637704968993603e+03
4.014643095396930761e+00 9.933466848572837989e+03
4.014649766511007023e+00 8.946357410218588484e+03
4.014656437625083285e+00 4.676312147549626388e+03
4.014663108739159547e+00 1.126982245567152177e+03
4.014669779853234921e+00 6.226712871767011166e+03
4.014676450967311183e+00 8.762065201148370761e+03
4.014683122081387445e+00 7.907873663792812295e+03
4.014689793195463707e+00 4.137261345024936418e+03
4.014696464309539081e+00 1.015731742040168001e+03
4.014703135423615343e+00 5.564000920253415643e+03
4.014709806537691605e+00 7.838971491542951298e+03
4.014716477651767867e+00 7.084942469969077138e+03
4.014723148765843241e+00 3.707817424000779283e+03
4.014729819879919503e+00 9.266917774803229122e+02
4.014736490993995766e+00 5.030796628258619421e+03
4.014743162108072028e+00 7.092794412720430955e+03
4.014749833222147402e+00 6.416755630278346871e+03
4.014756504336223664e+00 3.357630685246036592e+03
4.014763175450299926e+00 8.538226723362170105e+02
4.014769846564376188e+00 4.592516502831674188e+03
4.014776517678451562e+00 6.477116906424851550e+03
4.014783188792527824e+00 5.863411314893592134e+03
4.014789859906604086e+00 3.066609570506166619e+03
4.014796531020680348e+00 7.930922705269767903e+02
4.014803202134756610e+00 4.225884031995133228e+03
4.014809873248831984e+00 5.960453751503130661e+03
4.014816544362908246e+00 5.397640465779262740e+03
4.014823215476984508e+00 2.820924312338821437e+03
4.014829886591060770e+00 7.417058512169122650e+02
4.014836557705136144e+00 3.914657864962940039e+03
4.014843228819212406e+00 5.520694243128368726e+03
4.014849899933288668e+00 5.000174108066186818e+03
4.014856571047364930e+00 2.610743807330983145e+03
4.014863242161440304e+00 6.976652653846199428e+02
4.014869913275516566e+00 3.647160628970041216e+03
4.014876584389592828e+00 5.141854907607731548e+03
4.014883255503669091e+00 4.657010033880077572e+03
4.014889926617744464e+00 2.428887848783840127e+03
4.014896597731820727e+00 6.595040213995631575e+02
4.014903268845896989e+00 3.414781007588683678e+03
4.014909939959973251e+00 4.812094573368120109e+03
4.014916611074048625e+00 4.357728448211123577e+03
4.014923282188124887e+00 2.269990055777565431e+03
4.014929953302201149e+00 6.261214917299755598e+02
4.014936624416277411e+00 3.211029432551218633e+03
4.014943295530353673e+00 4.522454116767479718e+03
4.014949966644429047e+00 4.094415159568731724e+03
4.014956637758505309e+00 2.129959148809790804e+03
4.014963308872581571e+00 5.966755251528763893e+02
4.014969979986657833e+00 3.030922526283477509e+03
4.014976651100733207e+00 4.266029920637647592e+03
4.014983322214809469e+00 3.860951149198887379e+03
4.014989993328885731e+00 2.005621464054993567e+03
4.014996664442961993e+00 5.705107812227660133e+02
4.015003335557037367e+00 2.870570094390637678e+03
4.015010006671113629e+00 4.037416354903195042e+03
4.015016677785189891e+00 3.652530888335214968e+03
4.015023348899266153e+00 1.894477352767124557e+03
4.015030020013341527e+00 5.471096582813979694e+02
4.015036691127417789e+00 2.726890951606616454e+03
4.015043362241494052e+00 3.832320380196631504e+03
4.015050033355570314e+00 3.465327850474960087e+03
4.015056704469645688e+00 1.794531271344959350e+03
4.015063375583721950e+00 5.260579168097600586e+02
4.015070046697798212e+00 2.597413011080397609e+03
4.015076717811874474e+00 3.647289313340345416e+03
4.015083388925950736e+00 3.296257286184219538e+03
4.015090060040026110e+00 1.704170800516765667e+03
4.015096731154102372e+00 5.070201078701022084e+02
4.015103402268178634e+00 2.480129863030105298e+03
4.015110073382254896e+00 3.479514797125277710e+03
4.015116744496330270e+00 3.142804787880152617e+03
4.015123415610406532e+00 1.622078912627816408e+03
4.015130086724482794e+00 4.897216932436650154e+02
4.015136757838559056e+00 2.373396054226225715e+03
4.015143428952634430e+00 3.326689198183863482e+03
4.015150100066710692e+00 3.002900299649129465e+03
4.015156771180786954e+00 1.547169290195763551e+03
4.015163442294863216e+00 4.739358239686661705e+02
4.015170113408938590e+00 2.275849410265591359e+03
4.015176784523014852e+00 3.186898771718651915e+03
4.015183455637091114e+00 2.874824112289118602e+03
4.015190126751167377e+00 1.478537926547884581e+03
4.015196797865242750e+00 4.594734169278741547e+02
4.015203468979319013e+00 2.186352591108502111e+03
4.015210140093395275e+00 3.058543060115902790e+03
4.015216811207471537e+00 2.757135753995194136e+03
4.015223482321547799e+00 1.415426420955771391e+03
4.015230153435623173e+00 4.461756139501082430e+02
4.015236824549699435e+00 2.103948540743851026e+03
4.015243495663775697e+00 2.940273305602862820e+03
4.015250166777851959e+00 2.648619524545040804e+03
4.015256837891927333e+00 1.357193798541408341e+03
4.015263509006003595e+00 4.339079733630231317e+02
4.015270180120079857e+00 2.027826127569167511e+03
4.015276851234156119e+00 2.830944841991726662e+03
4.015283522348231493e+00 2.548242300236886422e+03
4.015290193462307755e+00 1.303294629204598550e+03
4.015296864576384017e+00 4.225559560019981973e+02
4.015303535690460279e+00 1.957293353426274507e+03
4.015310206804535653e+00 2.729579898204538495e+03
4.015316877918611915e+00 2.455120498529453016e+03
4.015323549032688177e+00 1.253261865833682805e+03
4.015330220146764439e+00 4.120213736408331329e+02
4.015336891260839813e+00 1.891756256843472102e+03
4.015343562374916075e+00 2.635338251038227099e+03
4.015350233488992338e+00 2.368493967158193300e+03
4.015356904603068600e+00 1.206693251635384740e+03
4.015363575717144862e+00 4.022195737313142558e+02
4.015370246831220236e+00 1.830702145694603132e+03
4.015376917945296498e+00 2.547493859771435837e+03
4.015383589059372760e+00 2.287705157640791640e+03
4.015390260173449022e+00 1.163240462418005563e+03
4.015396931287524396e+00 3.930771849766310879e+02
4.015403602401600658e+00 1.773686156910967384e+03
4.015410273515676920e+00 2.465416107563220066e+03
4.015416944629753182e+00 2.212182379350374049e+03
4.015423615743828556e+00 1.122600360458829755e+03
4.015430286857904818e+00 3.845303002063513986e+02
4.015436957971981080e+00 1.720320398435941570e+03
4.015443629086057342e+00 2.388554623134672966e+03
4.015450300200132716e+00 2.141426228850305506e+03
4.015456971314208978e+00 1.084507897420567815e+03
4.015463642428285240e+00 3.765229976077753236e+02
4.015470313542361502e+00 1.670265112725711788e+03
4.015476984656436876e+00 2.316426910220061018e+03
4.015483655770513138e+00 2.074998514574484034e+03
4.015490326884589400e+00 1.048730314535724347e+03
4.015496997998665663e+00 3.690061329914029216e+02
4.015503669112741925e+00 1.623221434402746127e+03
4.015510340226817299e+00 2.248608197288013798e+03
4.015517011340893561e+00 2.012513157446601554e+03
4.015523682454969823e+00 1.015062370921772981e+03
4.015530353569046085e+00 3.619363433466396032e+02
4.015537024683121459e+00 1.578925418382971429e+03
4.015543695797197721e+00 2.184723055516178192e+03
4.015550366911273983e+00 1.953628667664571822e+03
4.015557038025350245e+00 9.833223931338717421e+02
4.015563709139425619e+00 3.552752210525189298e+02
4.015570380253501881e+00 1.537143084415325120e+03
4.015577051367578143e+00 2.124438436346413710e+03
4.015583722481654405e+00 1.898041887934276247e+03
4.015590393595729779e+00 9.533489876933255118e+02
4.015597064709806041e+00 3.489886271634345007e+02
4.015603735823882303e+00 1.497666281928598664e+03
4.015610406937958565e+00 2.067457855428971470e+03
4.015617078052033939e+00 1.845482761968056593e+03
4.015623749166110201e+00 9.249982871726363101e+02
4.015630420280186463e+00 3.430461139000551043e+02
4.015637091394262725e+00 1.460309221489065294e+03
4.015643762508338988e+00 2.013516508961501586e+03
4.015650433622414361e+00 1.795709936452008378e+03
4.015657104736490624e+00 8.981416349541291311e+02
4.015663775850566886e+00 3.374204393418734185e+02
4.015670446964643148e+00 1.424905551037365967e+03
4.015677118078718522e+00 1.962377152179649329e+03
4.015683789192794784e+00 1.748507046879014297e+03
4.015690460306871046e+00 8.726636262994953768e+02
4.015697131420947308e+00 3.320871570747891610e+02
4.015703802535022682e+00 1.391305878075583678e+03
4.015710473649098944e+00 1.913826605214626397e+03
4.015717144763175206e+00 1.703679564578816553e+03
4.015723815877251468e+00 8.484604454041142390e+02
4.015730486991326842e+00 3.270242664227267824e+02
4.015737158105403104e+00 1.359375663172147370e+03
4.015743829219479366e+00 1.867672777161683825e+03
4.015750500333555628e+00 1.661052110292033603e+03
4.015757171447631002e+00 8.254384459731510333e+02
4.015763842561707264e+00 3.222119148286440691e+02
4.015770513675783526e+00 1.328993417581264112e+03
4.015777184789859788e+00 1.823742121294505068e+03
4.015783855903936050e+00 1.620466154120485271e+03
4.015790527018011424e+00 8.035129357260519782e+02
4.015797198132087686e+00 3.176321412812873746e+02
4.015803869246163949e+00 1.300049159246539148e+03
4.015810540360240211e+00 1.781877449976328080e+03
4.015817211474315584e+00 1.581778039740525173e+03
4.015823882588391847e+00 7.826071315984058856e+02
4.015830553702468109e+00 3.132686573005341302e+02
4.015837224816544371e+00 1.272443081417270378e+03
4.015843895930619745e+00 1.741936051502442979e+03
4.015850567044696007e+00 1.544857279787027210e+03
4.015857238158772269e+00 7.626512575380412500e+02
4.015863909272848531e+00 3.091066565668308499e+02
4.015870580386923905e+00 1.246084402874500256e+03
4.015877251501000167e+00 1.703788061198932155e+03
4.015883922615076429e+00 1.509585081081706221e+03
4.015890593729152691e+00 7.435817626009242076e+02
4.015897264843228065e+00 3.051326498770277453e+02
4.015903935957304327e+00 1.220890370292607713e+03
4.015910607071380589e+00 1.667315047582987063e+03
4.015917278185456851e+00 1.475853062922866457e+03
4.015923949299533113e+00 7.253406425051655333e+02
4.015930620413608487e+00 3.013343228606700563e+02
4.015937291527684749e+00 1.196785389807911315e+03
4.015943962641761011e+00 1.632408781240382723e+03
4.015950633755837273e+00 1.443562140856951373e+03
4.015957304869912647e+00 7.078748470147902481e+02
4.015963975983988909e+00 2.977004101299072545e+02
4.015970647098065172e+00 1.173700269171965601e+03
4.015977318212141434e+00 1.598970159506430036e+03
4.015983989326216808e+00 1.412621551049104937e+03
4.015990660440293070e+00 6.911357620816736471e+02
4.015997331554369332e+00 2.942205864992422448e+02
4.016004002668445594e+00 1.151571554425382146e+03
4.016010673782520968e+00 1.566908264175837758e+03
4.016017344896597230e+00 1.382947994451072191e+03
4.016024016010673492e+00 6.750787559659909220e+02
4.016030687124749754e+00 2.908853706398383565e+02
4.016037358238825128e+00 1.130340946865953129e+03
4.016044029352901390e+00 1.536139533879493001e+03
4.016050700466977652e+00 1.354464885228116373e+03
4.016057371581053914e+00 6.596627796806820925e+02
4.016064042695130176e+00 2.876860412024531684e+02
4.016070713809205550e+00 1.109954790276840413e+03
4.016077384923281812e+00 1.506587034507798762e+03
4.016084056037358074e+00 1.327101687613186641e+03
4.016090727151434336e+00 6.448500142278618341e+02
4.016097398265509710e+00 2.846145615241197220e+02
4.016104069379585972e+00 1.090363617291004175e+03
4.016110740493662234e+00 1.478179815143932046e+03
4.016117411607738497e+00 1.300793330236424936e+03
4.016124082721813870e+00 6.306055594018238253e+02
4.016130753835890133e+00 2.816635149818213222e+02
4.016137424949966395e+00 1.071521748967965323e+03
4.016144096064042657e+00 1.450852337415728925e+03
4.016150767178118031e+00 1.275479686848409756e+03
4.016157438292194293e+00 6.168971571337747264e+02
4.016164109406270555e+00 2.788260449847677478e+02
4.016170780520346817e+00 1.053386938767244828e+03
4.016177451634422191e+00 1.424543969091986810e+03
4.016184122748498453e+00 1.251105115291511765e+03
4.016190793862574715e+00 6.036949468045061167e+02
4.016197464976650977e+00 2.760958042538745758e+02
4.016204136090727239e+00 1.035920055934806669e+03
4.016210807204802613e+00 1.399198533429682584e+03
4.016217478318878875e+00 1.227618047438797930e+03
4.016224149432955137e+00 5.909712458822756389e+02
4.016230820547031399e+00 2.734669077854773036e+02
4.016237491661106773e+00 1.019084803715516841e+03
4.016244162775183035e+00 1.374763907268424191e+03
4.016250833889259297e+00 1.204970622695136854e+03
4.016257505003335559e+00 5.787003554760553925e+02
4.016264176117410933e+00 2.709338919686194913e+02
4.016270847231487195e+00 1.002847467413519666e+03
4.016277518345563458e+00 1.351191661895618154e+03
4.016284189459639720e+00 1.183118360831525024e+03
4.016290860573715094e+00 5.668583854443662631e+02
4.016297531687791356e+00 2.684916775956750143e+02
4.016304202801867618e+00 9.871766883855469814e+02
4.016310873915943880e+00 1.328436741465944351e+03
4.016317545030019254e+00 1.162019868853309390e+03
4.016324216144095516e+00 5.554230980121076300e+02
4.016330887258171778e+00 2.661355364236760579e+02
4.016337558372248040e+00 9.720432622329935839e+02
4.016344229486324302e+00 1.306457174339617950e+03
4.016350900600399676e+00 1.141636577395668837e+03
4.016357571714475938e+00 5.443737676129276224e+02
4.016364242828552200e+00 2.638610614076434899e+02
4.016370913942628462e+00 9.574199567578036749e+02
4.016377585056703836e+00 1.285213813655539525e+03
4.016384256170780098e+00 1.121932504314762582e+03
4.016390927284856360e+00 5.336910545099367482e+02
4.016397598398932622e+00 2.616641403065697205e+02
4.016404269513007996e+00 9.432813480862905635e+02
4.016410940627084258e+00 1.264670103640380830e+03
4.016417611741160520e+00 1.102874041151377014e+03
4.016424282855236783e+00 5.233568906126533875e+02
4.016430953969312156e+00 2.595409308466900598e+02
4.016437625083388419e+00 9.296036734474793093e+02
4.016444296197464681e+00 1.244791868682545555e+03
4.016450967311540943e+00 1.084429760722435503e+03
4.016457638425616317e+00 5.133543769243257202e+02
4.016464309539692579e+00 2.574878399387794730e+02
4.016470980653768841e+00 9.163646972788412768e+02
4.016477651767845103e+00 1.225547122725895406e+03
4.016484322881921365e+00 1.066570242779104092e+03
4.016490993995996739e+00 5.036676901833780562e+02
4.016497665110073001e+00 2.555015026368378983e+02
4.016504336224149263e+00 9.035435907286519068e+02
4.016511007338225525e+00 1.206905896719518978e+03
4.016517678452300899e+00 1.049267916616519187e+03
4.016524349566377161e+00 4.942819991848247696e+02
4.016531020680453423e+00 2.535787652762672906e+02
4.016537691794529685e+00 8.911208219493014440e+02
4.016544362908605059e+00 1.188840082052235402e+03
4.016551034022681321e+00 1.032496917514467441e+03
4.016557705136757583e+00 4.851833876868213338e+02
4.016564376250833845e+00 2.517166685933950987e+02
4.016571047364909219e+00 8.790780568860581070e+02
4.016577718478985481e+00 1.171323288505910568e+03
4.016584389593061744e+00 1.016232957374371267e+03
4.016591060707138006e+00 4.763587851713349437e+02
4.016597731821213380e+00 2.499124333327973488e+02
4.016604402935289642e+00 8.673980688551903313e+02
4.016611074049365904e+00 1.154330714707763264e+03
4.016617745163442166e+00 1.000453205943790863e+03
4.016624416277518428e+00 4.677959037195666383e+02
4.016631087391593802e+00 2.481634467974276674e+02
4.016637758505670064e+00 8.560646560377635979e+02
4.016644429619746326e+00 1.137839030547913808e+03
4.016651100733822588e+00 9.851361833359063667e+02
4.016657771847897962e+00 4.594831800853532968e+02
4.016664442961974224e+00 2.464672503604524252e+02
4.016671114076050486e+00 8.450625663709581659e+02
4.016677785190126748e+00 1.121826269567127383e+03
4.016684456304202122e+00 9.702616614774824484e+02
4.016691127418278384e+00 4.514097230267259988e+02
4.016697798532354646e+00 2.448215282711750262e+02
4.016704469646430908e+00 8.343774291999403658e+02
4.016711140760506282e+00 1.106271730770312161e+03
4.016717811874582544e+00 9.558105742216317822e+02
4.016724482988658806e+00 4.435652654317250949e+02
4.016731154102735069e+00 2.432240977171221061e+02
4.016737825216810442e+00 8.239956921735359856e+02
4.016744496330886705e+00 1.091155888831388438e+03
4.016751167444962967e+00 9.417649352258600857e+02
4.016757838559039229e+00 4.359401202494680660e+02
4.016764509673115491e+00 2.416728992888873222e+02
4.016771180787190865e+00 8.139045642378428056e+02
4.016777851901267127e+00 1.076460311775039600e+03
4.016784523015343389e+00 9.281077625696254927e+02
4.016791194129419651e+00 4.285251398195194383e+02
4.016797865243495025e+00 2.401659881668995524e+02
4.016804536357571287e+00 8.040919625465415947e+02
4.016811207471647549e+00 1.062167585482586674e+03
4.016817878585723811e+00 9.148230094497259870e+02
4.016824549699799185e+00 4.213116792968411914e+02
4.016831220813875447e+00 2.387015268060870028e+02
4.016837891927951709e+00 7.945464643472247417e+02
4.016844563042027971e+00 1.048261244450941376e+03
4.016851234156103345e+00 9.018955009593539671e+02
4.016857905270179607e+00 4.142915620511043926e+02
4.016864576384255869e+00 2.372777771693457680e+02
4.016871247498332131e+00 7.852572623189973910e+02
4.016877918612407505e+00 1.034725708004682247e+03
4.016884589726483767e+00 8.893108752326867261e+02
4.016891260840560030e+00 4.074570489034958314e+02
4.016897931954636292e+00 2.358930941871780078e+02
4.016904603068712554e+00 7.762141239474914300e+02
4.016911274182787928e+00 1.021546221710957298e+03
4.016917945296864190e+00 8.770555302652749106e+02
4.016924616410940452e+00 4.008008089374964129e+02
4.016931287525016714e+00 2.345459198340741978e+02
4.016937958639092088e+00 7.674073534469403057e+02
4.016944629753168350e+00 1.008708803259518618e+03
4.016951300867244612e+00 8.651165738625738868e+02
4.016957971981320874e+00 3.943158932446968379e+02
4.016964643095396248e+00 2.332347772300080919e+02
4.016971314209472510e+00 7.588277575777841548e+02
4.016977985323548772e+00 9.962001926651718122e+02
4.016984656437625034e+00 8.534817782258317038e+02
4.016991327551700408e+00 3.879957101025495376e+02
4.016997998665776670e+00 2.319582657395197884e+02
4.017004669779852932e+00 7.504666128496444344e+02
4.017011340893929194e+00 9.840078061982361533e+02
4.017018012008004568e+00 8.421395375422606548e+02
4.017024683122080830e+00 3.818340023389343401e+02
4.017031354236157092e+00 2.307150556216755604e+02
4.017038025350233355e+00 7.423156364096760171e+02
4.017044696464309617e+00 9.721196938083216992e+02
4.017051367578384991e+00 8.310788289215929581e+02
4.017058038692461253e+00 3.758248265627190108e+02
4.017064709806537515e+00 2.295038840891089649e+02
4.017071380920613777e+00 7.343669582544429204e+02
4.017078052034689151e+00 9.605244997443224975e+02
4.017084723148765413e+00 8.202891763662819358e+02
4.017091394262841675e+00 3.699625337732177854e+02
4.017098065376917937e+00 2.283235509654137161e+02
4.017104736490993311e+00 7.266130960064807596e+02
4.017111407605069573e+00 9.492114260755605528e+02
4.017118078719145835e+00 8.097606172627455408e+02
4.017124749833222097e+00 3.642417510781242527e+02
4.017131420947297471e+00 2.271729146786897502e+02
4.017138092061373733e+00 7.190469313539890663e+02
4.017144763175449995e+00 9.381701988503925804e+02
4.017151434289526257e+00 7.994836712019779270e+02
4.017158105403601631e+00 3.586573655001682823e+02
4.017164776517677893e+00 2.260508891779741703e+02
4.017171447631754155e+00 7.116616880572023547e+02
4.017178118745830417e+00 9.273910366624248809e+02
4.017184789859906680e+00 7.894493112190926922e+02
4.017191460973982053e+00 3.532045077532834512e+02
4.017198132088058316e+00 2.249564401682952166e+02
4.017204803202134578e+00 7.044509116288224959e+02
4.017211474316210840e+00 9.168646215371306880e+02
4.017218145430286214e+00 7.796489371171164748e+02
4.017224816544362476e+00 3.478785387747936397e+02
4.017231487658438738e+00 2.238885823216349706e+02
4.017238158772515000e+00 6.974084506238291397e+02
4.017244829886590374e+00 9.065820717601425258e+02
4.017251501000666636e+00 7.700743502730242653e+02
4.017258172114742898e+00 3.426750356086777742e+02
4.017264843228819160e+00 2.228463762115613065e+02
4.017271514342894534e+00 6.905284389126995848e+02
4.017278185456970796e+00 8.965349167125704071e+02
4.017284856571047058e+00 7.607177307463953184e+02
4.017291527685123320e+00 3.375897794132454806e+02
4.017298198799198694e+00 2.218289258759204188e+02
4.017304869913274956e+00 6.838052795120873952e+02
4.017311541027351218e+00 8.867150732571697063e+02
4.017318212141427480e+00 7.515716154966432896e+02
4.017324883255503742e+00 3.326187435208733518e+02
4.017331554369579116e+00 2.208353763922694384e+02
4.017338225483655378e+00 6.772336290225719040e+02
4.017344896597731640e+00 8.771148239238556243e+02
4.017351567711807903e+00 7.426288783842669545e+02
4.017358238825883276e+00 3.277580828556478991e+02
4.017364909939959539e+00 2.198649111727885952e+02
4.017371581054035801e+00 6.708083837599490380e+02
4.017378252168112063e+00 8.677267964132821589e+02
4.017384923282187437e+00 7.338827112544289548e+02
4.017391594396263699e+00 3.230041235785053573e+02
4.017398265510339961e+00 2.189167502564410199e+02
4.017404936624416223e+00 6.645246661995875002e+02
4.017411607738491597e+00 8.585439445368629094e+02
4.017418278852567859e+00 7.253266063735775333e+02
4.017424949966644121e+00 3.183533540611572903e+02
4.017431621080720383e+00 2.179901481271697321e+02
4.017438292194795757e+00 6.583778127575402550e+02
4.017444963308872019e+00 8.495595303810077894e+02
4.017451634422948281e+00 7.169543402425106251e+02
4.017458305537024543e+00 3.138024156285439972e+02
4.017464976651099917e+00 2.170843916583016266e+02
4.017471647765176179e+00 6.523633621782303180e+02
4.017478318879252441e+00 8.407671076193112185e+02
4.017484989993328703e+00 7.087599580315426238e+02
4.017491661107404965e+00 3.093480946716842368e+02
4.017498332221480339e+00 2.161987987769706194e+02
4.017505003335556601e+00 6.464770446055183584e+02
4.017511674449632864e+00 8.321605059148371311e+02
4.017518345563709126e+00 7.007377593203764263e+02
4.017525016677784500e+00 3.049873146896624689e+02
4.017531687791860762e+00 2.153327164331252845e+02
4.017538358905937024e+00 6.407147713894198660e+02
4.017545030020013286e+00 8.237338163190927389e+02
4.017551701134088660e+00 6.928822847425079772e+02
4.017558372248164922e+00 3.007171290628281781e+02
4.017565043362241184e+00 2.144855192550032257e+02
4.017571714476317446e+00 6.350726257346635748e+02
4.017578385590392820e+00 8.154813775507432183e+02
4.017585056704469082e+00 6.851883031739765784e+02
4.017591727818545344e+00 2.965347144372494199e+02
4.017598398932621606e+00 2.136566079395568067e+02
4.017605070046696980e+00 6.295468536135748536e+02
4.017611741160773242e+00 8.073977631956986443e+02
4.017618412274849504e+00 6.776508001185817420e+02
4.017625083388925766e+00 2.924373643548921677e+02
4.017631754503002028e+00 2.128454081781661671e+02
4.017638425617077402e+00 6.241338555844962457e+02
4.017645096731153664e+00 7.994777696064152224e+02
4.017651767845229926e+00 6.702649665136391377e+02
4.017658438959306189e+00 2.884224831042399728e+02
4.017665110073381562e+00 2.120513689683743337e+02
4.017671781187457825e+00 6.188301786286041306e+02
4.017678452301534087e+00 7.917164046226937444e+02
4.017685123415610349e+00 6.630261884001977251e+02
4.017691794529685723e+00 2.844875803032300041e+02
4.017698465643761985e+00 2.112739620773443789e+02
4.017705136757838247e+00 6.136325090642268378e+02
4.017711807871914509e+00 7.841088769172251887e+02
4.017718478985989883e+00 6.559300370500020563e+02
4.017725150100066145e+00 2.806302653979237789e+02
4.017731821214142407e+00 2.105126801048672860e+02
4.017738492328218669e+00 6.085376654571310837e+02
4.017745163442294043e+00 7.766505859993712875e+02
4.017751834556370305e+00 6.489722597225206755e+02
4.017758505670446567e+00 2.768482430969746702e+02
4.017765176784522829e+00 2.097670360791031214e+02
4.017771847898599091e+00 6.035425920456660833e+02
4.017778519012674465e+00 7.693371128407467268e+02
4.017785190126750727e+00 6.421487711305198900e+02
4.017791861240826989e+00 2.731393083303049139e+02
4.017798532354903251e+00 2.090365620686946784e+02
4.017805203468978625e+00 5.986443526971211213e+02
4.017811874583054887e+00 7.621642109584727223e+02
4.017818545697131150e+00 6.354556452704885032e+02
4.017825216811207412e+00 2.695013420003506326e+02
4.017831887925282786e+00 2.083208084630148846e+02
4.017838559039359048e+00 5.938401251250926407e+02
4.017845230153435310e+00 7.551277981116585352e+02
4.017851901267511572e+00 6.288891075969846725e+02
4.017858572381586946e+00 2.659323069919461204e+02
4.017865243495663208e+00 2.076193431141139172e+02
4.017871914609739470e+00 5.891271953309295668e+02
4.017878585723815732e+00 7.482239484496212754e+02
4.017885256837891106e+00 6.224455280004179940e+02
4.017891927951967368e+00 2.624302439308024759e+02
4.017898599066043630e+00 2.069317503369982205e+02
4.017905270180119892e+00 5.845029524422404847e+02
4.017911941294196154e+00 7.414488850593547795e+02
4.017918612408271528e+00 6.161214137165961802e+02
4.017925283522347790e+00 2.589932677985992768e+02
4.017931954636424052e+00 2.062576301415578541e+02
4.017938625750500314e+00 5.799648840238852472e+02
4.017945296864575688e+00 7.347989729944929422e+02
4.017951967978651950e+00 6.099134031064427290e+02
4.017958639092728212e+00 2.556195644510600573e+02
4.017965310206804475e+00 2.055965976965200639e+02
4.017971981320879848e+00 5.755105712586981781e+02
4.017978652434956111e+00 7.282707126638484851e+02
4.017985323549032373e+00 6.038182594374759447e+02
4.017991994663108635e+00 2.523073871430830195e+02
4.017998665777184009e+00 2.049482822853034634e+02
4.018005336891260271e+00 5.711376848926175853e+02
4.018012008005336533e+00 7.218607335859348950e+02
4.018018679119412795e+00 5.978328652239227949e+02
4.018025350233488169e+00 2.490550536116169553e+02
4.018032021347564431e+00 2.043123272178035279e+02
4.018038692461640693e+00 5.668439808939884870e+02
4.018045363575716955e+00 7.155657884849035781e+02
4.018052034689793217e+00 5.919542167286817858e+02
4.018058705803868591e+00 2.458609429540567817e+02
4.018065376917944853e+00 2.036883884789468198e+02
4.018072048032021115e+00 5.626272967228800326e+02
4.018078719146097377e+00 7.093827477282096652e+02
4.018085390260172751e+00 5.861794188579543743e+02
4.018092061374249013e+00 2.427234931829674736e+02
4.018098732488325275e+00 2.030761347231110676e+02
4.018105403602401537e+00 5.584855475700845773e+02
4.018112074716476911e+00 7.033085940324593821e+02
4.018118745830553173e+00 5.805056801260770953e+02
4.018125416944629436e+00 2.396411982722559912e+02
4.018132088058705698e+00 2.024752463557789497e+02
4.018138759172781072e+00 5.544167229843519635e+02
4.018145430286857334e+00 6.973404174784026281e+02
4.018152101400933596e+00 5.749303084048517576e+02
4.018158772515009858e+00 2.366126058081815984e+02
4.018165443629085232e+00 2.018854152185366218e+02
4.018172114743161494e+00 5.504188836098198863e+02
4.018178785857237756e+00 6.914754107666437903e+02
4.018185456971314018e+00 5.694507062167070899e+02
4.018192128085390280e+00 2.336363147482223610e+02
4.018198799199465654e+00 2.013063440819604182e+02
4.018205470313541916e+00 5.464901579713629189e+02
4.018212141427618178e+00 6.857108647443849350e+02
4.018218812541694440e+00 5.640643668253650276e+02
4.018225483655769814e+00 2.307109730091212327e+02
4.018232154769846076e+00 2.007377460430082010e+02
4.018238825883922338e+00 5.426287395340705189e+02
4.018245496997998600e+00 6.800441641543941387e+02
4.018252168112073974e+00 5.587688701868528369e+02
4.018258839226150236e+00 2.278352753676091993e+02
4.018265510340226498e+00 2.001793440658933321e+02
4.018272181454302761e+00 5.388328840382661156e+02
4.018278852568378134e+00 6.744727835872560036e+02
4.018285523682454397e+00 5.535618792300103905e+02
4.018292194796530659e+00 2.250079615942073588e+02
4.018298865910606921e+00 1.996308707325499654e+02
4.018305537024682295e+00 5.351009066335500393e+02
4.018312208138758557e+00 6.689942836792463368e+02
4.018318879252834819e+00 5.484411364200205981e+02
4.018325550366911081e+00 2.222278145319635598e+02
4.018332221480987343e+00 1.990920677308222935e+02
4.018338892595062717e+00 5.314311796947130233e+02
4.018345563709138979e+00 6.636063074682667775e+02
4.018352234823215241e+00 5.434044603858840219e+02
4.018358905937291503e+00 2.194936581183628164e+02
4.018365577051366877e+00 1.985626853451710758e+02
4.018372248165443139e+00 5.278221300192141143e+02
4.018378919279519401e+00 6.583065769341812938e+02
4.018385590393595663e+00 5.384497426616127314e+02
4.018392261507671037e+00 2.168043559661006157e+02
4.018398932621747299e+00 1.980424824088905496e+02
4.018405603735823561e+00 5.242722368754425588e+02
4.018412274849899823e+00 6.530928897361729923e+02
4.018418945963975197e+00 5.335749447594251933e+02
4.018425617078051459e+00 2.141588092487636743e+02
4.018432288192127722e+00 1.975312256418752952e+02
4.018438959306203984e+00 5.207800296493904852e+02
4.018445630420279358e+00 6.479631160938860148e+02
4.018452301534355620e+00 5.287780951359122810e+02
4.018458972648431882e+00 2.115559557808505531e+02
4.018465643762508144e+00 1.970286895120085546e+02
4.018472314876584406e+00 5.173440859328396755e+02
4.018478985990659780e+00 6.429151958192680922e+02
4.018485657104736042e+00 5.240572867330208737e+02
4.018492328218812304e+00 2.089947680142601882e+02
4.018498999332888566e+00 1.965346557523984075e+02
4.018505670446963940e+00 5.139630294546149116e+02
4.018512341561040202e+00 6.379471354996578611e+02
4.018519012675116464e+00 5.194106740859772344e+02
4.018525683789192726e+00 2.064742519873557853e+02
4.018532354903268100e+00 1.960489132444185714e+02
4.018539026017344362e+00 5.106355283660946611e+02
4.018545697131420624e+00 6.330570058198704828e+02
4.018552368245496886e+00 5.148364710680353937e+02
4.018559039359572260e+00 2.039934457694655805e+02
4.018565710473648522e+00 1.955712577248813488e+02
4.018572381587724784e+00 5.073602932473402234e+02
4.018579052701801047e+00 6.282429389956121213e+02
4.018585723815876420e+00 5.103329483926816579e+02
4.018592394929952683e+00 2.015514182281018805e+02
4.018599066044028945e+00 1.951014912970028092e+02
4.018605737158105207e+00 5.041360756599440833e+02
4.018612408272181469e+00 6.235031263528712770e+02
4.018619079386256843e+00 5.058984313825299637e+02
4.018625750500333105e+00 1.991472678954080209e+02
4.018632421614409367e+00 1.946394224040610084e+02
4.018639092728485629e+00 5.009616663406420685e+02
4.018645763842561003e+00 6.188358159990280001e+02
4.018652434956637265e+00 5.015312978938303559e+02
4.018659106070713527e+00 1.967801218535806527e+02
4.018665777184789789e+00 1.941848655262587897e+02
4.018672448298865163e+00 4.978358938109378755e+02
4.018679119412941425e+00 6.142393106203219304e+02
4.018685790527017687e+00 4.972299762863456749e+02
4.018692461641093949e+00 1.944491344223628175e+02
4.018699132755169323e+00 1.937376407923089801e+02
4.018705803869245585e+00 4.947576229089964386e+02
4.018712474983321847e+00 6.097119653641792638e+02
4.018719146097398109e+00 4.929929433733321389e+02
4.018725817211473483e+00 1.921534864604930135e+02
4.018732488325549745e+00 1.932975740719008400e+02
4.018739159439626007e+00 4.917257533048264690e+02
4.018745830553702270e+00 6.052521858353206881e+02
4.018752501667778532e+00 4.888187226314223039e+02
4.018759172781853906e+00 1.898923838074818207e+02
4.018765843895930168e+00 1.928644964448667167e+02
4.018772515010006430e+00 4.887392181920957910e+02
4.018779186124082692e+00 6.008584261787123069e+02
4.018785857238158066e+00 4.847058824906607697e+02
4.018792528352234328e+00 1.876650570069329547e+02
4.018799199466310590e+00 1.924382442167410545e+02
4.018805870580386852e+00 4.857969831073212390e+02
4.018812541694462226e+00 5.965291872363392258e+02
4.018819212808538488e+00 4.806530344614654950e+02
4.018825883922614750e+00 1.854707598625384151e+02
4.018832555036691012e+00 1.920186585146113032e+02
4.018839226150766386e+00 4.828980446132530915e+02
4.018845897264842648e+00 5.922630148281871243e+02
4.018852568378918910e+00 4.766588317187657822e+02
4.018859239492995172e+00 1.833087688952952305e+02
4.018865910607070546e+00 1.916055852960070922e+02
4.018872581721146808e+00 4.800414292719112268e+02
4.018879252835223070e+00 5.880584979625291453e+02
4.018885923949299332e+00 4.727219674148037711e+02
4.018892595063375595e+00 1.811783822853724359e+02
4.018899266177450968e+00 1.911988751658751085e+02
4.018905937291527231e+00 4.772261923314865157e+02
4.018912608405603493e+00 5.839142674717589898e+02
4.018919279519679755e+00 4.688411733295133672e+02
4.018925950633755129e+00 1.790789192393099256e+02
4.018932621747831391e+00 1.907983830837974324e+02
4.018939292861907653e+00 4.744514168789202699e+02
4.018945963975983915e+00 5.798289942611185097e+02
4.018952635090059289e+00 4.650152183408220594e+02
4.018959306204135551e+00 1.770097190417313584e+02
4.018965977318211813e+00 1.904039681905709358e+02
4.018972648432288075e+00 4.717162127354404788e+02
4.018979319546363449e+00 5.758013879308404057e+02
4.018985990660439711e+00 4.612429070974147862e+02
4.018992661774515973e+00 1.749701406373131647e+02
4.018999332888592235e+00 1.900154938441616537e+02
4.019006004002667609e+00 4.690197154210276267e+02
4.019012675116743871e+00 5.718301953967811642e+02
4.019019346230820133e+00 4.575230787814723499e+02
4.019026017344896395e+00 1.729595616232454063e+02
4.019032688458972657e+00 1.896328272411508635e+02
4.019039359573048031e+00 4.663610854089986901e+02
4.019046030687124293e+00 5.679141995308121977e+02
4.019052701801200556e+00 4.538546058934198868e+02
4.019059372915276818e+00 1.709773777183598327e+02
4.019066044029352192e+00 1.892558394365216259e+02
4.019072715143428454e+00 4.637395070840337894e+02
4.019079386257504716e+00 5.640522178802053759e+02
4.019086057371580978e+00 4.502363929383848244e+02
4.019092728485656352e+00 1.690230022263612568e+02
4.019099399599732614e+00 1.888844052107469338e+02
4.019106070713808876e+00 4.611541879098195409e+02
4.019112741827885138e+00 5.602431014462740677e+02
4.019119412941960512e+00 4.466673754625829815e+02
4.019126084056036774e+00 1.670958651587240809e+02
4.019132755170113036e+00 1.885184028305329775e+02
4.019139426284189298e+00 4.586043576923515843e+02
4.019146097398264672e+00 5.564857335287396154e+02
4.019152768512340934e+00 4.431465187919482673e+02
4.019159439626417196e+00 1.651954128939136694e+02
4.019166110740493458e+00 1.881577139239792587e+02
4.019172781854569720e+00 4.560892677846239280e+02
4.019179452968645094e+00 5.527790285446363896e+02
4.019186124082721356e+00 4.396728171395935760e+02
4.019192795196797618e+00 1.633211075897600040e+02
4.019199466310873881e+00 1.878022235240460702e+02
4.019206137424949254e+00 4.536081902121842404e+02
4.019212808539025517e+00 5.491219310150917181e+02
4.019219479653101779e+00 4.362452925211050569e+02
4.019226150767178041e+00 1.614724265064733970e+02
4.019232821881253415e+00 1.874518196928338227e+02
4.019239492995329677e+00 4.511604171849157296e+02
4.019246164109405939e+00 5.455134144925614237e+02
4.019252835223482201e+00 4.328629938790631968e+02
4.019259506337557575e+00 1.596488616392022095e+02
4.019266177451633837e+00 1.871063938211742368e+02
4.019272848565710099e+00 4.487452602117321590e+02
4.019279519679786361e+00 5.419524805868012436e+02
4.019286190793861735e+00 4.295249960915451766e+02
4.019292861907937997e+00 1.578499190720982313e+02
4.019299533022014259e+00 1.867658400089268014e+02
4.019306204136090521e+00 4.463620495534238444e+02
4.019312875250166783e+00 5.384381579945247722e+02
4.019319546364242157e+00 4.262303990734935724e+02
4.019326217478318419e+00 1.560751187281754824e+02
4.019332888592394681e+00 1.864300553823236442e+02
4.019339559706470943e+00 4.440101335059081293e+02
4.019346230820546317e+00 5.349695016067215647e+02
4.019352901934622579e+00 4.229783270203373036e+02
4.019359573048698842e+00 1.543239937233797150e+02
4.019366244162775104e+00 1.860989397290242948e+02
4.019372915276850478e+00 4.416888778754482132e+02
4.019379586390926740e+00 5.315455916221798134e+02
4.019386257505003002e+00 4.197679275881876038e+02
4.019392928619079264e+00 1.525960899668065736e+02
4.019399599733154638e+00 1.857723955714020292e+02
4.019406270847230900e+00 4.393976653973557518e+02
4.019412941961307162e+00 5.281655327085202316e+02
4.019419613075383424e+00 4.165983710145335976e+02
4.019426284189458798e+00 1.508909658925300334e+02
4.019432955303535060e+00 1.854503280688310269e+02
4.019439626417611322e+00 4.371358951117797460e+02
4.019446297531687584e+00 5.248284531911044724e+02
4.019452968645763846e+00 4.134688495128618797e+02
4.019459639759839220e+00 1.492081917764502919e+02
4.019466310873915482e+00 1.851326448423324678e+02
4.019472981987991744e+00 4.349029818312419593e+02
4.019479653102068006e+00 5.215335042710196376e+02
4.019486324216143380e+00 4.103785764352433034e+02
4.019492995330219642e+00 1.475473496286427348e+02
4.019499666444295904e+00 1.848192558507462593e+02
4.019506337558372167e+00 4.326983557149187050e+02
4.019513008672447540e+00 5.182798593372499454e+02
4.019519679786523803e+00 4.073267856252121533e+02
4.019526350900600065e+00 1.459080326509827046e+02
4.019533022014676327e+00 1.845100735452361391e+02
4.019539693128751701e+00 4.305214616192180301e+02
4.019546364242827963e+00 5.150667131218534678e+02
4.019553035356904225e+00 4.043127307672361326e+02
4.019559706470980487e+00 1.442898450202599179e+02
4.019566377585055861e+00 1.842050124963244002e+02
4.019573048699132123e+00 4.283717588675146430e+02
4.019579719813208385e+00 5.118932811483179535e+02
4.019586390927284647e+00 4.013356847917320920e+02
4.019593062041360909e+00 1.426924013733092522e+02
4.019599733155436283e+00 1.839039896296500842e+02
4.019606404269512545e+00 4.262487204843295672e+02
4.019613075383588807e+00 5.087587989877927157e+02
4.019619746497665069e+00 3.983949391564638063e+02
4.019626417611740443e+00 1.411153266907855937e+02
4.019633088725816705e+00 1.836069238282671847e+02
4.019639759839892967e+00 4.241518330047966856e+02
4.019646430953969229e+00 5.056625216533175831e+02
4.019653102068044603e+00 3.954898033521420189e+02
4.019659773182120865e+00 1.395582557248930584e+02
4.019666444296197128e+00 1.833137361567810046e+02
4.019673115410273390e+00 4.220805958904533099e+02
4.019679786524348764e+00 5.026037229698305850e+02
4.019686457638425026e+00 3.926196042243902866e+02
4.019693128752501288e+00 1.380208329310814577e+02
4.019699799866577550e+00 1.830243495648384453e+02
4.019706470980652924e+00 4.200345212149871941e+02
4.019713142094729186e+00 4.995816949951018842e+02
4.019719813208805448e+00 3.897836856130380170e+02
4.019726484322881710e+00 1.365027120376354333e+02
4.019733155436957972e+00 1.827386890154332661e+02
4.019739826551033346e+00 4.180131332748375712e+02
4.019746497665109608e+00 4.965957474506483322e+02
4.019753168779185870e+00 3.869814076160877789e+02
4.019759839893262132e+00 1.350035558822106907e+02
4.019766511007337506e+00 1.824566812784665615e+02
4.019773182121413768e+00 4.160159681495978248e+02
4.019779853235490030e+00 4.936452071687132843e+02
4.019786524349566292e+00 3.842121462605840065e+02
4.019793195463641666e+00 1.335230360185739471e+02
4.019799866577717928e+00 1.821782550465502766e+02
4.019806537691794190e+00 4.140425733283124146e+02
4.019813208805870453e+00 4.907294175671884773e+02
4.019819879919945826e+00 3.814752928968268861e+02
4.019826551034022089e+00 1.320608324688452910e+02
4.019833222148098351e+00 1.819033406006312532e+02
4.019839893262174613e+00 4.120925074667644026e+02
4.019846564376249987e+00 4.878477381534596589e+02
4.019853235490326249e+00 3.787702537425097375e+02
4.019859906604402511e+00 1.306166335582138913e+02
4.019866577718478773e+00 1.816318700296571649e+02
4.019873248832555035e+00 4.101653399174972492e+02
4.019879919946630409e+00 4.849995440108872913e+02
4.019886591060706671e+00 3.760964494828029387e+02
4.019893262174782933e+00 1.291901356753427592e+02
4.019899933288859195e+00 1.813637770741249540e+02
4.019906604402934569e+00 4.082606504940015952e+02
4.019913275517010831e+00 4.821842253602612800e+02
4.019919946631087093e+00 3.734533148474553741e+02
4.019926617745163355e+00 1.277810429075981489e+02
4.019933288859238729e+00 1.810989969712894947e+02
4.019939959973314991e+00 4.063780291602713532e+02
4.019946631087391253e+00 4.794011870662310457e+02
4.019953302201467515e+00 3.708402980995351186e+02
4.019959973315542889e+00 1.263890670385605972e+02
4.019966644429619151e+00 1.808374666558162005e+02
4.019973315543695414e+00 4.045170756705857116e+02
4.019979986657771676e+00 4.766498482446900198e+02
4.019986657771847050e+00 3.682568607159474823e+02
4.019993328885923312e+00 1.250139269722163533e+02
4.019999999999999574e+00 1.805791244646007669e+02
