4.009999999999999787e+00 3.196425320672188377e+02
4.010006671114076049e+00 5.355912821254651135e+02
4.010013342228152311e+00 4.847360609657154669e+02
4.010020013342227685e+00 1.978166589861904185e+02
4.010026684456303947e+00 2.268034143139981893e+02
4.010033355570380209e+00 5.019793135646640394e+02
4.010040026684456471e+00 5.312459101522559877e+02
4.010046697798531845e+00 2.958633340286471594e+02
4.010053368912608107e+00 1.320382797005286761e+02
4.010060040026684369e+00 4.468583745104420473e+02
4.010066711140760631e+00 5.559491398493840961e+02
4.010073382254836005e+00 3.863947071463230714e+02
4.010080053368912267e+00 8.248722534017994690e+01
4.010086724482988529e+00 3.726412784852139453e+02
4.010093395597064792e+00 5.574057164196966596e+02
4.010100066711140165e+00 4.630975736145026076e+02
4.010106737825216427e+00 1.494978173036601561e+02
4.010113408939292690e+00 2.830892032318321867e+02
4.010120080053368952e+00 5.352375709959559344e+02
4.010126751167444326e+00 5.217248203176685593e+02
4.010133422281520588e+00 2.498703899359266813e+02
4.010140093395596850e+00 1.845626159649318652e+02
4.010146764509673112e+00 4.901583124382408414e+02
4.010153435623749374e+00 5.591929289410774118e+02
4.010160106737824748e+00 3.480722305231122391e+02
4.010166777851901010e+00 9.637534758558729209e+01
4.010173448965977272e+00 4.240009379580017139e+02
4.010180120080053534e+00 5.734627052100985338e+02
4.010186791194128908e+00 4.350084050084107048e+02
4.010193462308205170e+00 1.050441153968420593e+02
4.010200133422281432e+00 3.398062971375617849e+02
4.010206804536357694e+00 5.635597250517346311e+02
4.010213475650433068e+00 5.055048962612914920e+02
4.010220146764509330e+00 2.002349377435362783e+02
4.010226817878585592e+00 2.422925166124808243e+02
4.010233488992661854e+00 5.296102099473482667e+02
4.010240160106737228e+00 5.558223913095066564e+02
4.010246831220813490e+00 3.042617922509905384e+02
4.010253502334889752e+00 1.410005519975126163e+02
4.010260173448966015e+00 4.728675567503029811e+02
4.010266844563041388e+00 5.833062556888775134e+02
4.010273515677117651e+00 4.005544748640311354e+02
4.010280186791193913e+00 8.114676748429258168e+01
4.010286857905270175e+00 3.957515351436536548e+02
4.010293529019346437e+00 5.863695979647362719e+02
4.010300200133421811e+00 4.824890470984520903e+02
4.010306871247498073e+00 1.490582100309164559e+02
4.010313542361574335e+00 3.020305326384540194e+02
4.010320213475650597e+00 5.645315037721716180e+02
4.010326884589725971e+00 5.455795698731626544e+02
4.010333555703802233e+00 2.555243369594250566e+02
4.010340226817878495e+00 1.978939370319570799e+02
4.010346897931954757e+00 5.184503913045957688e+02
4.010353569046030131e+00 5.865326091639442438e+02
4.010360240160106393e+00 3.599281592358730109e+02
4.010366911274182655e+00 1.011063213890893593e+02
4.010373582388258917e+00 4.499495394763405329e+02
4.010380253502334291e+00 6.031335701148823318e+02
4.010386924616410553e+00 4.526598886450812529e+02
4.010393595730486815e+00 1.023797017448594602e+02
4.010400266844563077e+00 3.620888160091354280e+02
4.010406937958638451e+00 5.942753394942370733e+02
4.010413609072714713e+00 5.282739551625170407e+02
4.010420280186790976e+00 2.028728798040467609e+02
4.010426951300867238e+00 2.595604913308517325e+02
4.010433622414943500e+00 5.600000843819021838e+02
4.010440293529018874e+00 5.827952438532332735e+02
4.010446964643095136e+00 3.134646145066924419e+02
4.010453635757171398e+00 1.513952816838968829e+02
4.010460306871247660e+00 5.015274985874716549e+02
4.010466977985323034e+00 6.133649391356466367e+02
4.010473649099399296e+00 4.160903049113628640e+02
4.010480320213475558e+00 8.028900503880059603e+01
4.010486991327551820e+00 4.212871798133027141e+02
4.010493662441627194e+00 6.182323772113863924e+02
4.010500333555703456e+00 5.037884873717345613e+02
4.010507004669779718e+00 1.485620227411033341e+02
4.010513675783855980e+00 3.230681067644391646e+02
4.010520346897931354e+00 5.968011293135592723e+02
4.010527018012007616e+00 5.718101078693484851e+02
4.010533689126083878e+00 2.617289006614981872e+02
4.010540360240160140e+00 2.129295667878162419e+02
4.010547031354235514e+00 5.496669622000030131e+02
4.010553702468311776e+00 6.166288401048623200e+02
4.010560373582388038e+00 3.729617020316704838e+02
4.010567044696464301e+00 1.071679319112289193e+02
4.010573715810540563e+00 4.786422756798178852e+02
4.010580386924615937e+00 6.358344724213318386e+02
4.010587058038692199e+00 4.720870043272606722e+02
4.010593729152768461e+00 9.952286011636913088e+01
4.010600400266844723e+00 3.868131651039973917e+02
4.010607071380920097e+00 6.281709638905063002e+02
4.010613742494996359e+00 5.533611510861359193e+02
4.010620413609072621e+00 2.057659872271478037e+02
4.010627084723148883e+00 2.788690643935991034e+02
4.010633755837224257e+00 5.935852261974849853e+02
4.010640426951300519e+00 6.125474552344253425e+02
4.010647098065376781e+00 3.236015773810424321e+02
4.010653769179453043e+00 1.634082216728687342e+02
4.010660440293528417e+00 5.332581195086623893e+02
4.010667111407604679e+00 6.465593224921716455e+02
4.010673782521680941e+00 4.332250069542352549e+02
4.010680453635757203e+00 8.011347123274391890e+01
4.010687124749832577e+00 4.496314074488964252e+02
4.010693795863908839e+00 6.534623302118075117e+02
4.010700466977985101e+00 5.273064797491459785e+02
4.010707138092061363e+00 1.480002290805308007e+02
4.010713809206137626e+00 3.465280327640518294e+02
4.010720480320212999e+00 6.325293702441953201e+02
4.010727151434289262e+00 6.008054165635580830e+02
4.010733822548365524e+00 2.685753191183480340e+02
4.010740493662441786e+00 2.299181531012231687e+02
4.010747164776517160e+00 5.842843070649969377e+02
4.010753835890593422e+00 6.499355964074303529e+02
4.010760507004669684e+00 3.873683064598931765e+02
4.010767178118745946e+00 1.147514532476542115e+02
4.010773849232821320e+00 5.105264959834096317e+02
4.010780520346897582e+00 6.720672965644915848e+02
4.010787191460973844e+00 4.935859439515272129e+02
4.010793862575050106e+00 9.646538735994808178e+01
4.010800533689125480e+00 4.143752106970920295e+02
4.010807204803201742e+00 6.657761747260927905e+02
4.010813875917278004e+00 5.811554762484231560e+02
4.010820547031354266e+00 2.089577923335625371e+02
4.010827218145429640e+00 3.005401363737661313e+02
4.010833889259505902e+00 6.309002589267776102e+02
4.010840560373582164e+00 6.455483005832381878e+02
4.010847231487658426e+00 3.348317937801952553e+02
4.010853902601734688e+00 1.772665197152765870e+02
4.010860573715810062e+00 5.685748516328594633e+02
4.010867244829886324e+00 6.834221202743436834e+02
4.010873915943962587e+00 4.522320648727252319e+02
4.010880587058038849e+00 8.087307798053953434e+01
4.010887258172114223e+00 4.812555106540542056e+02
4.010893929286190485e+00 6.926349281989972724e+02
4.010900600400266747e+00 5.534247705630220935e+02
4.010907271514343009e+00 1.473617883050113448e+02
4.010913942628418383e+00 3.728125234309746929e+02
4.010920613742494645e+00 6.723106209603857906e+02
4.010927284856570907e+00 6.330442952025518935e+02
4.010933955970647169e+00 2.761760212198985300e+02
4.010940627084722543e+00 2.491677868300501757e+02
4.010947298198798805e+00 6.228896157329434118e+02
4.010953969312875067e+00 6.870125130728038130e+02
4.010960640426951329e+00 4.033890120419886784e+02
4.010967311541026703e+00 1.240745962000560354e+02
4.010973982655102965e+00 5.461547351851747862e+02
4.010980653769179227e+00 7.124516902805224845e+02
4.010987324883255489e+00 5.175224925709669606e+02
4.010993995997331751e+00 9.320665585969275924e+01
4.011000667111407125e+00 4.452650194033877824e+02
4.011007338225483387e+00 7.077458482514047091e+02
4.011014009339559649e+00 6.121380385276387415e+02
4.011020680453635912e+00 2.125022532325519933e+02
4.011027351567711285e+00 3.249736555278668675e+02
4.011034022681787548e+00 6.726073967548886685e+02
4.011040693795863810e+00 6.823790815896359163e+02
4.011047364909940072e+00 3.473524891138267776e+02
4.011054036024015446e+00 1.932525701225682155e+02
4.011060707138091708e+00 6.081172737062513534e+02
4.011067378252167970e+00 7.246142682663111145e+02
4.011074049366244232e+00 4.734509084898188576e+02
4.011080720480319606e+00 8.287627753581361389e+01
4.011087391594395868e+00 5.167454883935689622e+02
4.011094062708472130e+00 7.364653227710543888e+02
4.011100733822548392e+00 5.826178835683554098e+02
4.011107404936623766e+00 1.466330425781257816e+02
4.011114076050700028e+00 4.024230567899762150e+02
4.011120747164776290e+00 7.168847986136869395e+02
4.011127418278852552e+00 6.691228640924249476e+02
4.011134089392928814e+00 2.846711432150754035e+02
4.011140760507004188e+00 2.710644524472012336e+02
4.011147431621080450e+00 6.662151347714125222e+02
4.011154102735156712e+00 7.285575049177226674e+02
4.011160773849232974e+00 4.213245609231823892e+02
4.011167444963308348e+00 1.353945617075002019e+02
4.011174116077384610e+00 5.862173550286856880e+02
4.011180787191460873e+00 7.577617189528327799e+02
4.011187458305537135e+00 5.443537410536652033e+02
4.011194129419612509e+00 8.976075593338806868e+01
4.011200800533688771e+00 4.800963156960502829e+02
4.011207471647765033e+00 7.548994823858612335e+02
4.011214142761841295e+00 6.469110395227954768e+02
4.011220813875916669e+00 2.164670599895500800e+02
4.011227484989992931e+00 3.526722362478077457e+02
4.011234156104069193e+00 7.195368167195491651e+02
4.011240827218145455e+00 7.237686639848442383e+02
4.011247498332220829e+00 3.614111266979925858e+02
4.011254169446297091e+00 2.117227832489289767e+02
4.011260840560373353e+00 6.526887176593976392e+02
4.011267511674449615e+00 7.709659426051759965e+02
4.011274182788525877e+00 4.973080613613455512e+02
4.011280853902601251e+00 8.648375310944149419e+01
4.011287525016677513e+00 5.568389379393292984e+02
4.011294196130753775e+00 7.858534114104011223e+02
4.011300867244830037e+00 6.154831252442186269e+02
4.011307538358905411e+00 1.457968847087914810e+02
4.011314209472981673e+00 4.359925550705108890e+02
4.011320880587057935e+00 7.671846955191152801e+02
4.011327551701134198e+00 7.097928353081529167e+02
4.011334222815209571e+00 2.942376039296975705e+02
4.011340893929285834e+00 2.960976309388040590e+02
4.011347565043362096e+00 7.151857730900073875e+02
4.011354236157438358e+00 7.754522674322489593e+02
4.011360907271513732e+00 4.415550932881823201e+02
4.011367578385589994e+00 1.490269976657966993e+02
4.011374249499666256e+00 6.315881633651612219e+02
4.011380920613742518e+00 8.089771230560330650e+02
4.011387591727817892e+00 5.746584680529762181e+02
4.011394262841894154e+00 8.616931820322619728e+01
4.011400933955970416e+00 5.196477531386633473e+02
4.011407605070046678e+00 8.082763247542466161e+02
4.011414276184122940e+00 6.862384263609895925e+02
4.011420947298198314e+00 2.209382804028443843e+02
4.011427618412274576e+00 3.842757173560935371e+02
4.011434289526350838e+00 7.727434057508183969e+02
4.011440960640427100e+00 7.706434607043343021e+02
4.011447631754502474e+00 3.773224737272880702e+02
4.011454302868578736e+00 2.331336303524408322e+02
4.011460973982654998e+00 7.033120857006123288e+02
4.011467645096731260e+00 8.235344046556394915e+02
4.011474316210806634e+00 5.243469831344294789e+02
4.011480987324882896e+00 9.210209315219547932e+01
4.011487658438959159e+00 6.024771850889343341e+02
4.011494329553035421e+00 8.419475590175304660e+02
4.011501000667110794e+00 6.527830397845367543e+02
4.011507671781187057e+00 1.448315875703615916e+02
4.011514342895263319e+00 4.743309737571240703e+02
4.011521014009339581e+00 8.244031166554671017e+02
4.011527685123414955e+00 7.560158102571001564e+02
4.011534356237491217e+00 3.051019924911510657e+02
4.011541027351567479e+00 3.248965913321459311e+02
4.011547698465643741e+00 7.709867853320645281e+02
4.011554369579720003e+00 8.288270114863430535e+02
4.011561040693795377e+00 4.645681878379706404e+02
4.011567711807871639e+00 1.653726832060690413e+02
4.011574382921947901e+00 6.833894554885029038e+02
4.011581054036024163e+00 8.673564485311667340e+02
4.011587725150099537e+00 6.091805168862211985e+02
4.011594396264175799e+00 8.252453269180566053e+01
4.011601067378252061e+00 5.649219238619630232e+02
4.011607738492328323e+00 8.692142508073332010e+02
4.011614409606403697e+00 7.311040982712431742e+02
4.011621080720479959e+00 2.260270252313714252e+02
4.011627751834556221e+00 4.206106982293620149e+02
4.011634422948632483e+00 8.335881919881081785e+02
4.011641094062707857e+00 8.241992086547096505e+02
4.011647765176784119e+00 3.954931287551315222e+02
4.011654436290860382e+00 2.580787380037942285e+02
4.011661107404936644e+00 7.613101848748182192e+02
4.011667778519012018e+00 8.836873145382836583e+02
4.011674449633088280e+00 5.552710829941770498e+02
4.011681120747164542e+00 1.001823643489911007e+02
4.011687791861240804e+00 6.548805378297059860e+02
4.011694462975317066e+00 9.062366529351093050e+02
4.011701134089392440e+00 6.955067874055281436e+02
4.011707805203468702e+00 1.437091229105088814e+02
4.011714476317544964e+00 5.184913098505893458e+02
4.011721147431621226e+00 8.900901678427754860e+02
4.011727818545696600e+00 8.090420218553781524e+02
4.011734489659772862e+00 3.175592780239052786e+02
4.011741160773849124e+00 3.582830351425198501e+02
4.011747831887925386e+00 8.351621580444815436e+02
4.011754503002000760e+00 8.901546358957239136e+02
4.011761174116077022e+00 4.909996873557279287e+02
4.011767845230153284e+00 1.849552648378720221e+02
4.011774516344229546e+00 7.430868602235934759e+02
4.011781187458304920e+00 9.345437727678951205e+02
4.011787858572381182e+00 6.488921510261089907e+02
4.011794529686457444e+00 7.901012222709532296e+01
4.011801200800533707e+00 6.172316867112319869e+02
4.011807871914609080e+00 9.394652521476167522e+02
4.011814543028685343e+00 7.827971982639268163e+02
4.011821214142761605e+00 2.318792345251885081e+02
4.011827885256837867e+00 4.627632333890193195e+02
4.011834556370914129e+00 9.038579657047735054e+02
4.011841227484989503e+00 8.860064940375394826e+02
4.011847898599065765e+00 4.164576127559234919e+02
4.011854569713142027e+00 2.873431991808642465e+02
4.011861240827218289e+00 8.284241339616623918e+02
4.011867911941293663e+00 9.532256314372549468e+02
4.011874583055369925e+00 5.910072262502692411e+02
4.011881254169446187e+00 1.112353787012270061e+02
4.011887925283522449e+00 7.156595850790895383e+02
4.011894596397597823e+00 9.806863655105971702e+02
4.011901267511674085e+00 7.449610775821197421e+02
4.011907938625750347e+00 1.423926923940895790e+02
4.011914609739826609e+00 5.698675645260638021e+02
4.011921280853901983e+00 9.662977688794958340e+02
4.011927951967978245e+00 8.705274018483305554e+02
4.011934623082054507e+00 3.320006554123313549e+02
4.011941294196130769e+00 3.973494517735105092e+02
4.011947965310206143e+00 9.097612748014576027e+02
4.011954636424282405e+00 9.613912365907817730e+02
4.011961307538358668e+00 5.216946666636046075e+02
4.011967978652434930e+00 2.084760642431272686e+02
4.011974649766511192e+00 8.126312424701366126e+02
4.011981320880586566e+00 1.012728524655322190e+03
4.011987991994662828e+00 6.950890140183032599e+02
4.011994663108739090e+00 7.597203033529348204e+01
4.012001334222815352e+00 6.783298029352642970e+02
4.012008005336890726e+00 1.021369020562632272e+03
4.012014676450966988e+00 8.430404299411195552e+02
4.012021347565043250e+00 2.386904315824291700e+02
4.012028018679119512e+00 5.121883971039105745e+02
4.012034689793194886e+00 9.859457553339781271e+02
4.012041360907271148e+00 9.581701132921642738e+02
4.012048032021347410e+00 4.409329278005943138e+02
4.012054703135423672e+00 3.219854910110232709e+02
4.012061374249499046e+00 9.069926974609148829e+02
4.012068045363575308e+00 1.034569932668953470e+03
4.012074716477651570e+00 6.328021047871545761e+02
4.012081387591727832e+00 1.258751494909143389e+02
4.012088058705803206e+00 7.869844277166430402e+02
4.012094729819879468e+00 1.067946546403552475e+03
4.012101400933955730e+00 8.029087066366716954e+02
4.012108072048031993e+00 1.408330043323340703e+02
4.012114743162108255e+00 6.303442921320718142e+02
4.012121414276183629e+00 1.055800489099655806e+03
4.012128085390259891e+00 9.427126560459223583e+02
4.012134756504336153e+00 3.489561928967464155e+02
4.012141427618412415e+00 4.435791865002284453e+02
4.012148098732487789e+00 9.975639610068368484e+02
4.012154769846564051e+00 1.045191927627702171e+03
4.012161440960640313e+00 5.578011779117143760e+02
4.012168112074716575e+00 2.368967396524576827e+02
4.012174783188791949e+00 8.946773515297577433e+02
4.012181454302868211e+00 1.104891999570762891e+03
4.012188125416944473e+00 7.495367566241455961e+02
4.012194796531020735e+00 7.403071161510165155e+01
4.012201467645096109e+00 7.506095372755520430e+02
4.012208138759172371e+00 1.118121842432068888e+03
4.012214809873248633e+00 9.141890442625889364e+02
4.012221480987324895e+00 2.467286543493227668e+02
4.012228152101400269e+00 5.708805590815854885e+02
4.012234823215476531e+00 1.083131623029200910e+03
4.012241494329552793e+00 1.043577289473074188e+03
4.012248165443629055e+00 4.699036338186473927e+02
4.012254836557705318e+00 3.634651528481953164e+02
4.012261507671780691e+00 1.000232551830522880e+03
4.012268178785856954e+00 1.131051923645806710e+03
4.012274849899933216e+00 6.823731872549435593e+02
4.012281521014009478e+00 1.449002263662326015e+02
4.012288192128084852e+00 8.718503631711673734e+02
4.012294863242161114e+00 1.171677190337176171e+03
4.012301534356237376e+00 8.717865556868732710e+02
4.012308205470313638e+00 1.389624916013580105e+02
4.012314876584389012e+00 7.025324783793561210e+02
4.012321547698465274e+00 1.162444269427367090e+03
4.012328218812541536e+00 1.028706377184766325e+03
4.012334889926617798e+00 3.691623482825438600e+02
4.012341561040693172e+00 4.990366942109619686e+02
4.012348232154769434e+00 1.102437552332543646e+03
4.012354903268845696e+00 1.145253687154838644e+03
4.012361574382921958e+00 6.009193533331335857e+02
4.012368245496997332e+00 2.715693703248530824e+02
4.012374916611073594e+00 9.929324366330047269e+02
4.012381587725149856e+00 1.215200888192182219e+03
4.012388258839226118e+00 8.147053980906168817e+02
4.012394929953302380e+00 7.422740789397410310e+01
4.012401601067377754e+00 8.374260960263699189e+02
4.012408272181454016e+00 1.234208007585975565e+03
4.012414943295530279e+00 9.995504949831786234e+02
4.012421614409606541e+00 2.563713813086033610e+02
4.012428285523681915e+00 6.416476192078988561e+02
4.012434956637758177e+00 1.200035477697421584e+03
4.012441627751834439e+00 1.146298466193574768e+03
4.012448298865910701e+00 5.047594050502578966e+02
4.012454969979986075e+00 4.138493420445963693e+02
4.012461641094062337e+00 1.112692614729334537e+03
4.012468312208138599e+00 1.247387617358805755e+03
4.012474983322214861e+00 7.421540701107860514e+02
4.012481654436290235e+00 1.694266214161610264e+02
4.012488325550366497e+00 9.745108870972151180e+02
4.012494996664442759e+00 1.297080404346980231e+03
4.012501667778519021e+00 9.550618405475493091e+02
4.012508338892594395e+00 1.366860219568924606e+02
4.012515010006670657e+00 7.901560755450971101e+02
4.012521681120746919e+00 1.291718663529602736e+03
4.012528352234823181e+00 1.132950270424318660e+03
4.012535023348898555e+00 3.936730876215365811e+02
4.012541694462974817e+00 5.666810429548527281e+02
4.012548365577051079e+00 1.229926139400533430e+03
4.012555036691127341e+00 1.266881938433899450e+03
4.012561707805203604e+00 6.533481653298611036e+02
4.012568378919278977e+00 3.144507907987598401e+02
4.012575050033355240e+00 1.112734865690158131e+03
4.012581721147431502e+00 1.349661394164766762e+03
4.012588392261507764e+00 8.941594513334140402e+02
4.012595063375583138e+00 7.813684791971299148e+01
4.012601734489659400e+00 9.436332944629991744e+02
4.012608405603735662e+00 1.376121157352518367e+03
4.012615076717811924e+00 1.103919730611039085e+03
4.012621747831887298e+00 2.681675282036729868e+02
4.012628418945963560e+00 7.285716385294174415e+02
4.012635090060039822e+00 1.343378827489679225e+03
4.012641761174116084e+00 1.272262588990871564e+03
4.012648432288191458e+00 5.475271588468249320e+02
4.012655103402267720e+00 4.761618422668307744e+02
4.012661774516343982e+00 1.251023121542955778e+03
4.012668445630420244e+00 1.390479587073214816e+03
4.012675116744495618e+00 8.157111183329330970e+02
4.012681787858571880e+00 2.011037289519145190e+02
4.012688458972648142e+00 1.101215358954986414e+03
4.012695130086724404e+00 1.451808135563240967e+03
4.012701801200800666e+00 1.057840992960219864e+03
4.012708472314876040e+00 1.338653783095220717e+02
4.012715143428952302e+00 8.987148271887616602e+02
4.012721814543028565e+00 1.451739733697577776e+03
4.012728485657104827e+00 1.262019572215569497e+03
4.012735156771180201e+00 4.240514089263493247e+02
4.012741827885256463e+00 6.509071163299502132e+02
4.012748498999332725e+00 1.388269522695273736e+03
4.012755170113408987e+00 1.417971992870399845e+03
4.012761841227484361e+00 7.185136089139837168e+02
4.012768512341560623e+00 3.684742166918645694e+02
4.012775183455636885e+00 1.262061658318179980e+03
4.012781854569713147e+00 1.517260232203688702e+03
4.012788525683788521e+00 9.932396357945515319e+02
4.012795196797864783e+00 8.783578465208942987e+01
4.012801867911941045e+00 1.076524706360077062e+03
4.012808539026017307e+00 1.553631585556156551e+03
4.012815210140092681e+00 1.234521332911669333e+03
4.012821881254168943e+00 2.829468756969413334e+02
4.012828552368245205e+00 8.378225611233943937e+02
4.012835223482321467e+00 1.523332927944067933e+03
4.012841894596397729e+00 1.430454448889347532e+03
4.012848565710473103e+00 6.012834249031204763e+02
4.012855236824549365e+00 5.550041761715851862e+02
4.012861907938625627e+00 1.425347040261239499e+03
4.012868579052701890e+00 1.570850281884629794e+03
4.012875250166777263e+00 9.084892826545075195e+02
4.012881921280853526e+00 2.424867549046649344e+02
4.012888592394929788e+00 1.261534639663678490e+03
4.012895263509006050e+00 1.647596637434044851e+03
4.012901934623081424e+00 1.187968197597973585e+03
4.012908605737157686e+00 1.302921454227501954e+02
4.012915276851233948e+00 1.036684943244445776e+03
4.012921947965310210e+00 1.655034119963777584e+03
4.012928619079385584e+00 1.426078869739083075e+03
4.012935290193461846e+00 4.627184432198089894e+02
4.012941961307538108e+00 7.585340408634348250e+02
4.012948632421614370e+00 1.590268056273728234e+03
4.012955303535689744e+00 1.610809013891237100e+03
4.012961974649766006e+00 8.017556527445666461e+02
4.012968645763842268e+00 4.382330814876028171e+02
4.012975316877918530e+00 1.453388145919766885e+03
4.012981987991994792e+00 1.732075185126522683e+03
4.012988659106070166e+00 1.120326621051440725e+03
4.012995330220146428e+00 1.058113807810060507e+02
4.013002001334222690e+00 1.247586045201282786e+03
4.013008672448298952e+00 1.782151150699284699e+03
4.013015343562374326e+00 1.402771586768368934e+03
4.013022014676450588e+00 3.020253885491339361e+02
4.013028685790526850e+00 9.791870322368362167e+02
4.013035356904603113e+00 1.756057478210178488e+03
4.013042028018678486e+00 1.635174610071794632e+03
4.013048699132754749e+00 6.709344981045959457e+02
4.013055370246831011e+00 6.577333997761455748e+02
4.013062041360907273e+00 1.651866824829288589e+03
4.013068712474982647e+00 1.805372931779961164e+03
4.013075383589058909e+00 1.029236523075964442e+03
4.013082054703135171e+00 2.977356802241908440e+02
4.013088725817211433e+00 1.470905225379019839e+03
4.013095396931286807e+00 1.903411006506346894e+03
4.013102068045363069e+00 1.358144094037288141e+03
4.013108739159439331e+00 1.256378774543945696e+02
4.013115410273515593e+00 1.217846424393195548e+03
4.013122081387591855e+00 1.922005947612876753e+03
4.013128752501667229e+00 1.641718366524420617e+03
4.013135423615743491e+00 5.136353860066041079e+02
4.013142094729819753e+00 9.007408600597383384e+02
4.013148765843896015e+00 1.856944182241134286e+03
4.013155436957971389e+00 1.865611493352713751e+03
4.013162108072047651e+00 9.118815886910870177e+02
4.013168779186123913e+00 5.313341178347837968e+02
4.013175450300200175e+00 1.707378529814138119e+03
4.013182121414275549e+00 2.017474999782492205e+03
4.013188792528351811e+00 1.289362727969140451e+03
4.013195463642428074e+00 1.352980652759285647e+02
4.013202134756504336e+00 1.476011417389977169e+03
4.013208805870579710e+00 2.087491986037749939e+03
4.013215476984655972e+00 1.627834229715776019e+03
4.013222148098732234e+00 3.276210730442970203e+02
4.013228819212808496e+00 1.169171275501272021e+03
4.013235490326883870e+00 2.068868154267679074e+03
4.013242161440960132e+00 1.910653046598629999e+03
4.013248832555036394e+00 7.648138606271534172e+02
4.013255503669112656e+00 7.968809459398265744e+02
4.013262174783188918e+00 1.958234057774777511e+03
4.013268845897264292e+00 2.122914071167887869e+03
4.013275517011340554e+00 1.192955964586546997e+03
4.013282188125416816e+00 3.740578548893200832e+02
4.013288859239493078e+00 1.755934945987044102e+03
4.013295530353568452e+00 2.252023702258578396e+03
4.013302201467644714e+00 1.590372325940853216e+03
4.013308872581720976e+00 1.193575132688799130e+02
4.013315543695797238e+00 1.466199060341245286e+03
4.013322214809872612e+00 2.288283925639386780e+03
4.013328885923948874e+00 1.937984381190346312e+03
4.013335557038025136e+00 5.837583464278487781e+02
4.013342228152101399e+00 1.097209833766851943e+03
4.013348899266176772e+00 2.225406507885907104e+03
4.013355570380253035e+00 2.218167867097477938e+03
4.013362241494329297e+00 1.064525278711517331e+03
4.013368912608405559e+00 6.613336018614572822e+02
4.013375583722480933e+00 2.060923161383310799e+03
4.013382254836557195e+00 2.415298476674429367e+03
4.013388925950633457e+00 1.525383058783889965e+03
4.013395597064709719e+00 1.816521011812592405e+02
4.013402268178785981e+00 1.796472313653929859e+03
4.013408939292861355e+00 2.516419562865410626e+03
4.013415610406937617e+00 1.944535277245154020e+03
4.013422281521013879e+00 3.637838113406830871e+02
4.013428952635090141e+00 1.437960405727280204e+03
4.013435623749165515e+00 2.511871283080465673e+03
4.013442294863241777e+00 2.301477146430968787e+03
4.013448965977318039e+00 8.983069836678910178e+02
4.013455637091394301e+00 9.956631695992741697e+02
4.013462308205469675e+00 2.395831411729552656e+03
4.013468979319545937e+00 2.577291978235621173e+03
4.013475650433622199e+00 1.427713498556940294e+03
4.013482321547698461e+00 4.850418943266861334e+02
4.013488992661773835e+00 2.166739807202459360e+03
4.013495663775850097e+00 2.755375613359439285e+03
4.013502334889926360e+00 1.926386738662248490e+03
4.013509006004002622e+00 1.104950928190363868e+02
4.013515677118077996e+00 1.827590815971635720e+03
4.013522348232154258e+00 2.822176964448220133e+03
4.013529019346230520e+00 2.370770823957269840e+03
4.013535690460306782e+00 6.865260614057186785e+02
4.013542361574383044e+00 1.386104120920608921e+03
4.013549032688458418e+00 2.767874933244901513e+03
4.013555703802534680e+00 2.738397487673400065e+03
4.013562374916610942e+00 1.290350390474222877e+03
4.013569046030687204e+00 8.549418709438482438e+02
4.013575717144762578e+00 2.586954165969539190e+03
4.013582388258838840e+00 3.008595593232287683e+03
4.013589059372915102e+00 1.878286463394431621e+03
4.013595730486991364e+00 2.557459496822480958e+02
4.013602401601066738e+00 2.278655027192256512e+03
4.013609072715143000e+00 3.163327138584701515e+03
4.013615743829219262e+00 2.423472424430668070e+03
4.013622414943295524e+00 4.187715654517710391e+02
4.013629086057370898e+00 1.847286911938146432e+03
4.013635757171447160e+00 3.187996804984270057e+03
4.013642428285523422e+00 2.899656007084002340e+03
4.013649099399599685e+00 1.103310697521305656e+03
4.013655770513675058e+00 1.302441853570322564e+03
4.013662441627751321e+00 3.072183834443890191e+03
4.013669112741827583e+00 3.281668180149709769e+03
4.013675783855903845e+00 1.792809479736140702e+03
4.013682454969980107e+00 6.596060965469375788e+02
4.013689126084055481e+00 2.810264229754219741e+03
4.013695797198131743e+00 3.546313572793477761e+03
4.013702468312208005e+00 2.456155537159709183e+03
4.013709139426284267e+00 9.733081428530037726e+01
4.013715810540359641e+00 2.401901565194462819e+03
4.013722481654435903e+00 3.673291865075021178e+03
4.013729152768512165e+00 3.063159948539691413e+03
4.013735823882588427e+00 8.517001790484454204e+02
4.013742494996663801e+00 1.852404071273115051e+03
4.013749166110740063e+00 3.646072828663022392e+03
4.013755837224816325e+00 3.583775864113676562e+03
4.013762508338892587e+00 1.658824797584051112e+03
4.013769179452967961e+00 1.173049248579602818e+03
4.013775850567044223e+00 3.452684927630481525e+03
4.013782521681120485e+00 3.988945437570197100e+03
4.013789192795196747e+00 2.463897345556874825e+03
4.013795863909272121e+00 3.835531564112411615e+02
4.013802535023348383e+00 3.086388448470992898e+03
4.013809206137424646e+00 4.251578389458091806e+03
4.013815877251500908e+00 3.232812492949397893e+03
4.013822548365577170e+00 5.124131516338417214e+02
4.013829219479652544e+00 2.546215004890651016e+03
4.013835890593728806e+00 4.347519586704053836e+03
4.013842561707805068e+00 3.930500223124250169e+03
4.013849232821881330e+00 1.458500720102319519e+03
4.013855903935956704e+00 1.837387648863630375e+03
4.013862575050032966e+00 4.256451970341689048e+03
4.013869246164109228e+00 4.521470266218244433e+03
4.013875917278185490e+00 2.438977756016050535e+03
4.013882588392260864e+00 9.719120125912284038e+02
4.013889259506337126e+00 3.962696591771652038e+03
4.013895930620413388e+00 4.970728075271869784e+03
4.013902601734489650e+00 3.415881352771271395e+03
4.013909272848565024e+00 7.781035377024331012e+01
4.013915943962641286e+00 3.455878773645263664e+03
4.013922615076717548e+00 5.244706330445573258e+03
4.013929286190793810e+00 4.349751885409955321e+03
4.013935957304869184e+00 1.160940427069335783e+03
4.013942628418945446e+00 2.731441549976310853e+03
4.013949299533021708e+00 5.312123420209368305e+03
4.013955970647097971e+00 5.198845666103917210e+03
4.013962641761174233e+00 2.368006414405501801e+03
4.013969312875249607e+00 1.791047149228326134e+03
4.013975983989325869e+00 5.144703480909407517e+03
4.013982655103402131e+00 5.919756796542504162e+03
4.013989326217478393e+00 3.626535942195928783e+03
4.013995997331553767e+00 6.439693006353533065e+02
4.014002668445630029e+00 4.717688977291985793e+03
4.014009339559706291e+00 6.468043265694210277e+03
4.014016010673782553e+00 4.895829144135498609e+03
4.014022681787857927e+00 7.072185055479276343e+02
4.014029352901934189e+00 4.010064467430050172e+03
4.014036024016010451e+00 6.798658168060735079e+03
4.014042695130086713e+00 6.131118141923013354e+03
4.014049366244162087e+00 2.224719093289491411e+03
4.014056037358238349e+00 3.004395304364424192e+03
4.014062708472314611e+00 6.866012359121305053e+03
4.014069379586390873e+00 7.283593876310657834e+03
4.014076050700466247e+00 3.895142598193228423e+03
4.014082721814542509e+00 1.686264165723718861e+03
4.014089392928618771e+00 6.623422039040010532e+03
4.014096064042695033e+00 8.300422509437195913e+03
4.014102735156771296e+00 5.688483423466193017e+03
4.014109406270846669e+00 7.872239292860945170e+01
4.014116077384922932e+00 6.021542486058275244e+03
4.014122748498999194e+00 9.124206664453316989e+03
4.014129419613075456e+00 7.573280851630050165e+03
4.014136090727150830e+00 1.948301044383232465e+03
4.014142761841227092e+00 5.005089182249232181e+03
4.014149432955303354e+00 9.691342718636371501e+03
4.014156104069379616e+00 9.517069919325746014e+03
4.014162775183454990e+00 4.298364345958147169e+03
4.014169446297531252e+00 3.506540760603193121e+03
4.014176117411607514e+00 9.928278495879525508e+03
4.014182788525683776e+00 1.148863527442298982e+04
4.014189459639759150e+00 7.050809736200050793e+03
4.014196130753835412e+00 1.434520237298974507e+03
4.014202801867911674e+00 9.743625614329521341e+03
4.014209472981987936e+00 1.346150886560587787e+04
4.014216144096063310e+00 1.027636203995750475e+04
4.014222815210139572e+00 1.356335303886868815e+03
4.014229486324215834e+00 9.011499138121351280e+03
4.014236157438292096e+00 1.541988468515798377e+04
4.014242828552368358e+00 1.411336686902903784e+04
4.014249499666443732e+00 5.096802596872337745e+03
4.014256170780519994e+00 7.534410109226151690e+03
4.014262841894596257e+00 1.737023301619688937e+04
4.014269513008672519e+00 1.884487973008322297e+04
4.014276184122747893e+00 1.025040001532392853e+04
4.014282855236824155e+00 4.951928230063268529e+03
4.014289526350900417e+00 1.936864035560216143e+04
4.014296197464976679e+00 2.509960404090575321e+04
4.014302868579052053e+00 1.781885927424673355e+04
4.014309539693128315e+00 4.807952531473923727e+02
4.014316210807204577e+00 2.160114338651093567e+04
4.014322881921280839e+00 3.449592666458874010e+04
4.014329553035356213e+00 3.047117577187337520e+04
4.014336224149432475e+00 8.088759916836384946e+03
4.014342895263508737e+00 2.470683835224420545e+04
4.014349566377584999e+00 5.254556987587403273e+04
4.014356237491660373e+00 5.828196672920881974e+04
4.014362908605736635e+00 3.021417096625953855e+04
4.014369579719812897e+00 3.212030329020885983e+04
4.014376250833889159e+00 1.161882305150125321e+05
4.014382921947965421e+00 1.998062023665155866e+05
4.014389593062040795e+00 2.585482997990943550e+05
4.014396264176117057e+00 2.744397723770170705e+05
4.014402935290193319e+00 2.425287557926553127e+05
4.014409606404269582e+00 1.727157044854048581e+05
4.014416277518344955e+00 8.610594497503105958e+04
4.014422948632421217e+00 7.347094805662565705e+03
4.014429619746497480e+00 4.400861058737381245e+04
4.014436290860573742e+00 5.976172761426922079e+04
4.014442961974649116e+00 4.467596353074046056e+04
4.014449633088725378e+00 1.311812151155413994e+04
4.014456304202801640e+00 1.757169962165320612e+04
4.014462975316877902e+00 3.408172632887667714e+04
4.014469646430953276e+00 3.167984013866099485e+04
4.014476317545029538e+00 1.471951220964839558e+04
4.014482988659105800e+00 6.662462848690096507e+03
4.014489659773182062e+00 2.184390491342485257e+04
4.014496330887257436e+00 2.453277202935210880e+04
4.014503002001333698e+00 1.505347516824888953e+04
4.014509673115409960e+00 6.169221087928876841e+02
4.014516344229486222e+00 1.425921711671886078e+04
4.014523015343562484e+00 1.953235383929795353e+04
4.014529686457637858e+00 1.473659998494748288e+04
4.014536357571714120e+00 3.173562466367692650e+03
4.014543028685790382e+00 8.907055666827502137e+03
4.014549699799866644e+00 1.556242077179275839e+04
4.014556370913942018e+00 1.399592607808919092e+04
4.014563042028018280e+00 5.642462948598649746e+03
4.014569713142094542e+00 4.865126683402752860e+03
4.014576384256170805e+00 1.218961351308188205e+04
4.014583055370246178e+00 1.294905073511566661e+04
4.014589726484322441e+00 7.225837133616101710e+03
4.014596397598398703e+00 1.712916764835759068e+03
4.014603068712474965e+00 9.224484896599669810e+03
4.014609739826550339e+00 1.167454510836531153e+04
4.014616410940626601e+00 8.154593608989689528e+03
4.014623082054702863e+00 7.721168872000671399e+02
4.014629753168779125e+00 6.581276671327380427e+03
4.014636424282854499e+00 1.023490522052135020e+04
4.014643095396930761e+00 8.570769077909948464e+03
4.014649766511007023e+00 2.702178684494912886e+03
4.014656437625083285e+00 4.222953037169093477e+03
4.014663108739159547e+00 8.685068104595819023e+03
4.014669779853234921e+00 8.573345867971425832e+03
4.014676450967311183e+00 4.162927616464380662e+03
4.014683122081387445e+00 2.136389681400999962e+03
4.014689793195463707e+00 7.075623678986481536e+03
4.014696464309539081e+00 8.239292052201142724e+03
4.014703135423615343e+00 5.207628030599497833e+03
4.014709806537691605e+00 3.242911580229771857e+02
4.014716477651767867e+00 5.453816084944879549e+03
4.014723148765843241e+00 7.633821291744333394e+03
4.014729819879919503e+00 5.879952139959780652e+03
4.014736490993995766e+00 1.231237923659266244e+03
4.014743162108072028e+00 3.863561701597698175e+03
4.014749833222147402e+00 6.815494239539343653e+03
4.014756504336223664e+00 6.218919158203171719e+03
4.014763175450299926e+00 2.504402772097735124e+03
4.014769846564376188e+00 2.345071678984105802e+03
4.014776517678451562e+00 5.838660491423642270e+03
4.014783188792527824e+00 6.262199768841202967e+03
4.014789859906604086e+00 3.505959597819461578e+03
4.014796531020680348e+00 9.348537952450452622e+02
4.014803202134756610e+00 4.754455087867168004e+03
4.014809873248831984e+00 6.047799618282783740e+03
4.014816544362908246e+00 4.239839171842462747e+03
4.014823215476984508e+00 3.475518835588618458e+02
4.014829886591060770e+00 3.610990968899548079e+03
4.014836557705136144e+00 5.614732115873286602e+03
4.014843228819212406e+00 4.715033093661249040e+03
4.014849899933288668e+00 1.453646047661952480e+03
4.014856571047364930e+00 2.453127120323818417e+03
4.014863242161440304e+00 5.003049247488198489e+03
4.014869913275516566e+00 4.945501404909487064e+03
4.014876584389592828e+00 2.382190304687673688e+03
4.014883255503669091e+00 1.322173343279122264e+03
4.014889926617744464e+00 4.253459979217002001e+03
4.014896597731820727e+00 4.950034166079811257e+03
4.014903268845896989e+00 3.116741954632233956e+03
4.014909939959973251e+00 2.602804827642811460e+02
4.014916611074048625e+00 3.406690897065918762e+03
4.014923282188124887e+00 4.751857541742777357e+03
4.014929953302201149e+00 3.650922381223855609e+03
4.014936624416277411e+00 7.251594280323502062e+02
4.014943295530353673e+00 2.502707433078835038e+03
4.014949966644429047e+00 4.378021050735457720e+03
4.014956637758505309e+00 3.984914230638351455e+03
4.014963308872581571e+00 1.576823205507251487e+03
4.014969979986657833e+00 1.579931768839164761e+03
4.014976651100733207e+00 3.858615428333414457e+03
4.014983322214809469e+00 4.125029921779640972e+03
4.014989993328885731e+00 2.288655820200338439e+03
4.014996664442961993e+00 6.751267740552469832e+02
4.015003335557037367e+00 3.225870323691015983e+03
4.015010006671113629e+00 4.083227476390497031e+03
4.015016677785189891e+00 2.845583567187559311e+03
4.015023348899266153e+00 1.968500663888486599e+02
4.015030020013341527e+00 2.513182823770439427e+03
4.015036691127417789e+00 3.876482951350516487e+03
4.015043362241494052e+00 3.239523717991634385e+03
4.015050033355570314e+00 9.682616670663143168e+02
4.015056704469645688e+00 1.754144271110098771e+03
4.015063375583721950e+00 3.526027804105157429e+03
4.015070046697798212e+00 3.468591071611056122e+03
4.015076717811874474e+00 1.646948825021743005e+03
4.015083388925950736e+00 9.817757450508942156e+02
4.015090060040026110e+00 3.056476662626681446e+03
4.015096731154102372e+00 3.536741726193477461e+03
4.015103402268178634e+00 2.207084899279434467e+03
4.015110073382254896e+00 2.324530820536002693e+02
4.015116744496330270e+00 2.494879105996768430e+03
4.015123415610406532e+00 3.453309000323422879e+03
4.015130086724482794e+00 2.635379650111676710e+03
4.015136757838559056e+00 4.927358931234510919e+02
4.015143428952634430e+00 1.869740746827239263e+03
4.015150100066710692e+00 3.232399751757739978e+03
4.015156771180786954e+00 2.924447861081763222e+03
4.015163442294863216e+00 1.132384719177471425e+03
4.015170113408938590e+00 1.210111010823620973e+03
4.015176784523014852e+00 2.892164876089103473e+03
4.015183455637091114e+00 3.072492895064741333e+03
4.015190126751167377e+00 1.683961291982773901e+03
4.015196797865242750e+00 5.454285857343719499e+02
4.015203468979319013e+00 2.453970141435131154e+03
4.015210140093395275e+00 3.083023968772508397e+03
4.015216811207471537e+00 2.130137680118436492e+03
4.015223482321547799e+00 1.234843706363721196e+02
4.015230153435623173e+00 1.941502939754506997e+03
4.015236824549699435e+00 2.964440233818978413e+03
4.015243495663775697e+00 2.459748362861633723e+03
4.015250166777851959e+00 7.101954418755610732e+02
4.015256837891927333e+00 1.379874177218654950e+03
4.015263509006003595e+00 2.729475684054156773e+03
4.015270180120079857e+00 2.666810593795282784e+03
4.015276851234156119e+00 1.245302899891555626e+03
4.015283522348231493e+00 7.949339493589793619e+02
4.015290193462307755e+00 2.394523327751190209e+03
4.015296864576384017e+00 2.750359812787569354e+03
4.015303535690460279e+00 1.697953143930445322e+03
4.015310206804535653e+00 2.169414681182942957e+02
4.015316877918611915e+00 1.978867244169433661e+03
4.015323549032688177e+00 2.714205468142554764e+03
4.015330220146764439e+00 2.054184504174427730e+03
4.015336891260839813e+00 3.596416954450118055e+02
4.015343562374916075e+00 1.503864787360048240e+03
4.015350233488992338e+00 2.566547298680061431e+03
4.015356904603068600e+00 2.304933834123797624e+03
4.015363575717144862e+00 8.715787842795612050e+02
4.015370246831220236e+00 9.921785915719251534e+02
4.015376917945296498e+00 2.319457958366173443e+03
4.015383589059372760e+00 2.445779045261185274e+03
4.015390260173449022e+00 1.322276551849551652e+03
4.015396931287524396e+00 4.677644393930177102e+02
4.015403602401600658e+00 1.988253363867238022e+03
4.015410273515676920e+00 2.476823887974817808e+03
4.015416944629753182e+00 1.694653192520045195e+03
4.015423615743828556e+00 8.508884908782880530e+01
4.015430286857904818e+00 1.590782859162245359e+03
4.015436957971981080e+00 2.402466870410277807e+03
4.015443629086057342e+00 1.977316351582589050e+03
4.015450300200132716e+00 5.501398895111344700e+02
4.015456971314208978e+00 1.146697194253439648e+03
4.015463642428285240e+00 2.231033749084302144e+03
4.015470313542361502e+00 2.163160696418094176e+03
4.015476984656436876e+00 9.921273982345690001e+02
4.015483655770513138e+00 6.769188663851471119e+02
4.015490326884589400e+00 1.974285570384605080e+03
4.015496997998665663e+00 2.249291594598837037e+03
4.015503669112741925e+00 1.372423375494729953e+03
4.015510340226817299e+00 2.070674849114224116e+02
4.015517011340893561e+00 1.646826264733604830e+03
4.015523682454969823e+00 2.236917363566547465e+03
4.015530353569046085e+00 1.677622713602333761e+03
4.015537024683121459e+00 2.737974533877937233e+02
4.015543695797197721e+00 1.265448833114332047e+03
4.015550366911273983e+00 2.131116163584684728e+03
4.015557038025350245e+00 1.898519149985403601e+03
4.015563709139425619e+00 7.000741889947198615e+02
4.015570380253501881e+00 8.485197140069415127e+02
4.015577051367578143e+00 1.940474130337297765e+03
4.015583722481654405e+00 2.029791558427038353e+03
4.015590393595729779e+00 1.081540882480079063e+03
4.015597064709806041e+00 4.160995120205485591e+02
4.015603735823882303e+00 1.676610571805563268e+03
4.015610406937958565e+00 2.069972177579690197e+03
4.015617078052033939e+00 1.401576306540899623e+03
4.015623749166110201e+00 6.756685877406992802e+01
4.015630420280186463e+00 1.353618073679754843e+03
4.015637091394262725e+00 2.021327441697330187e+03
4.015643762508338988e+00 1.649254024981730936e+03
4.015650433622414361e+00 4.412543812217621166e+02
4.015657104736490624e+00 9.874728962584591727e+02
4.015663775850566886e+00 1.889614710875019910e+03
4.015670446964643148e+00 1.817287343408355355e+03
4.015677118078718522e+00 8.178975270849431354e+02
4.015683789192794784e+00 5.956398434528497319e+02
4.015690460306871046e+00 1.683720206948998339e+03
4.015697131420947308e+00 1.901968580220956937e+03
4.015703802535022682e+00 1.146266262349420003e+03
4.015710473649098944e+00 2.002360707981773942e+02
4.015717144763175206e+00 1.415197411867412256e+03
4.015723815877251468e+00 1.903135412980160027e+03
4.015730486991326842e+00 1.413690297661220939e+03
4.015737158105403104e+00 2.142307183779086301e+02
4.015743829219479366e+00 1.097741327980084407e+03
4.015750500333555628e+00 1.824031789581329804e+03
4.015757171447631002e+00 1.611269191488178876e+03
4.015763842561707264e+00 5.787133251370972857e+02
4.015770513675783526e+00 7.466961701656118748e+02
4.015777184789859788e+00 1.671050766453282449e+03
4.015783855903936050e+00 1.733425520580601415e+03
4.015790527018011424e+00 9.097189844808033286e+02
4.015797198132087686e+00 3.792718623921901440e+02
4.015803869246163949e+00 1.453369948380001233e+03
4.015810540360240211e+00 1.777906694623908606e+03
4.015817211474315584e+00 1.190785940025275750e+03
4.015823882588391847e+00 6.327313594999552038e+01
4.015830553702468109e+00 1.182503375583571597e+03
4.015837224816544371e+00 1.745731546087348988e+03
4.015843895930619745e+00 1.411588981084162469e+03
4.015850567044696007e+00 3.624677233642902365e+02
4.015857238158772269e+00 8.718222446216949493e+02
4.015863909272848531e+00 1.641028049386133716e+03
4.015870580386923905e+00 1.564987659874063866e+03
4.015877251501000167e+00 6.906410104925483893e+02
4.015883922615076429e+00 5.362642739645415304e+02
4.015890593729152691e+00 1.470761380011298570e+03
4.015897264843228065e+00 1.646938637951002647e+03
4.015903935957304327e+00 9.799421910871557202e+02
4.015910607071380589e+00 1.952303326052661134e+02
4.015917278185456851e+00 1.244367429238696332e+03
4.015923949299533113e+00 1.656500052511696140e+03
4.015930620413608487e+00 1.218349583652724050e+03
4.015937291527684749e+00 1.709049239681935433e+02
4.015943962641761011e+00 9.733238285519122428e+02
4.015950633755837273e+00 1.595751569091228475e+03
4.015957304869912647e+00 1.397385637557178370e+03
4.015963975983988909e+00 4.883209715558397193e+02
4.015970647098065172e+00 6.707530905612893548e+02
4.015977318212141434e+00 1.469608509309836791e+03
4.015983989326216808e+00 1.511478175203120145e+03
4.015990660440293070e+00 7.808835900189496897e+02
4.015997331554369332e+00 3.517016234424640970e+02
4.016004002668445594e+00 1.285536274901005754e+03
4.016010673782520968e+00 1.557967245945663535e+03
4.016017344896597230e+00 1.031829556928681313e+03
4.016024016010673492e+00 6.586980457221420693e+01
4.016030687124749754e+00 1.053185495134596749e+03
4.016037358238825128e+00 1.537090256150307368e+03
4.016044029352901390e+00 1.231406977789641587e+03
4.016050700466977652e+00 3.029038323431806248e+02
4.016057371581053914e+00 7.839973552901475387e+02
4.016064042695130176e+00 1.451873652478382382e+03
4.016070713809205550e+00 1.372732422169475740e+03
4.016077384923281812e+00 5.936007099740689910e+02
4.016084056037358074e+00 4.909920471060464138e+02
4.016090727151434336e+00 1.307924822755327796e+03
4.016097398265509710e+00 1.451648867709633578e+03
4.016104069379585972e+00 8.524334727230922226e+02
4.016110740493662234e+00 1.914044755533842022e+02
4.016117411607738497e+00 1.113135841191864756e+03
4.016124082721813870e+00 1.466747016128405676e+03
4.016130753835890133e+00 1.067874628953226647e+03
4.016137424949966395e+00 1.384534292311014099e+02
4.016144096064042657e+00 8.773281974977786604e+02
4.016150767178118031e+00 1.419323224209688760e+03
4.016157438292194293e+00 1.231874097403906717e+03
4.016164109406270555e+00 4.184010850560036374e+02
4.016170780520346817e+00 6.119296662617356333e+02
4.016177451634422191e+00 1.313243470650762220e+03
4.016184122748498453e+00 1.338973888367508835e+03
4.016190793862574715e+00 6.806664067676144896e+02
4.016197464976650977e+00 3.302906385548009212e+02
4.016204136090727239e+00 1.154715703820909312e+03
4.016210807204802613e+00 1.386302490660565581e+03
4.016217478318878875e+00 9.076320342266878924e+02
4.016224149432955137e+00 7.111749998028986397e+01
4.016230820547031399e+00 9.519881173815932698e+02
4.016237491661106773e+00 1.373582079217390174e+03
4.016244162775183035e+00 1.090043870290124687e+03
4.016250833889259297e+00 2.563855551165808606e+02
4.016257505003335559e+00 7.150200530536478709e+02
4.016264176117410933e+00 1.303057069982649864e+03
4.016270847231487195e+00 1.221302236040094385e+03
4.016277518345563458e+00 5.171464695200772894e+02
4.016284189459639720e+00 4.553300138681654516e+02
4.016290860573715094e+00 1.179332468270366462e+03
4.016297531687791356e+00 1.297244648608972966e+03
4.016304202801867618e+00 7.515358944360433497e+02
4.016310873915943880e+00 1.883841598994495712e+02
4.016317545030019254e+00 1.009130663486597655e+03
4.016324216144095516e+00 1.316171113824110535e+03
4.016330887258171778e+00 9.483513819600414081e+02
4.016337558372248040e+00 1.137885387311096110e+02
4.016344229486324302e+00 8.009932793961032758e+02
4.016350900600399676e+00 1.278826569210900743e+03
4.016357571714475938e+00 1.099936064933988746e+03
4.016364242828552200e+00 3.627264910426693518e+02
4.016370913942628462e+00 5.650154994857591646e+02
4.016377585056703836e+00 1.188300625379735038e+03
4.016384256170780098e+00 1.200988582140393873e+03
4.016390927284856360e+00 6.004626599318593207e+02
4.016397598398932622e+00 3.131815604713576704e+02
4.016404269513007996e+00 1.049843467645315741e+03
4.016410940627084258e+00 1.248533109174063156e+03
4.016417611741160520e+00 8.078769422057810061e+02
4.016424282855236783e+00 7.698588854447432084e+01
4.016430953969312156e+00 8.706130057352966105e+02
4.016437625083388419e+00 1.241938238886953286e+03
4.016444296197464681e+00 9.761269217112513843e+02
4.016450967311540943e+00 2.191490653005824925e+02
4.016457638425616317e+00 6.593973705922367117e+02
4.016464309539692579e+00 1.182871250622044045e+03
4.016470980653768841e+00 1.098889503441640954e+03
4.016477651767845103e+00 4.553506430880905214e+02
4.016484322881921365e+00 4.265078141423651914e+02
4.016490993995996739e+00 1.075171110935261368e+03
4.016497665110073001e+00 1.172050206636138455e+03
4.016504336224149263e+00 6.696773946133563413e+02
4.016511007338225525e+00 1.859375080962152254e+02
4.016517678452300899e+00 9.246462541662713193e+02
4.016524349566377161e+00 1.193723889095619143e+03
4.016531020680453423e+00 8.510808315395026966e+02
4.016537691794529685e+00 9.504695757461162486e+01
4.016544362908605059e+00 7.388215166112893257e+02
4.016551034022681321e+00 1.164252969393923195e+03
4.016557705136757583e+00 9.922511065755647905e+02
4.016564376250833845e+00 3.173699616263972416e+02
4.016571047364909219e+00 5.267177416691907865e+02
4.016577718478985481e+00 1.086133436118864665e+03
4.016584389593061744e+00 1.088055394421623760e+03
4.016591060707138006e+00 5.348047486647086544e+02
4.016597731821213380e+00 2.991936448551043100e+02
4.016604402935289642e+00 9.638642565390676964e+02
4.016611074049365904e+00 1.135474489269446167e+03
4.016617745163442166e+00 7.259636651167588752e+02
4.016624416277518428e+00 8.267826268123785383e+01
4.016631087391593802e+00 8.037331212612814397e+02
4.016637758505670064e+00 1.133626448194064096e+03
4.016644429619746326e+00 8.823310263617371447e+02
4.016651100733822588e+00 1.887751666975013336e+02
4.016657771847897962e+00 6.135801538014744665e+02
4.016664442961974224e+00 1.083739037641389814e+03
4.016671114076050486e+00 9.978397451047592313e+02
4.016677785190126748e+00 4.043650814125656439e+02
4.016684456304202122e+00 4.027246730498381453e+02
4.016691127418278384e+00 9.890491577196252138e+02
4.016697798532354646e+00 1.068448930984945491e+03
4.016704469646430908e+00 6.019109141666185678e+02
4.016711140760506282e+00 1.839132478898235092e+02
4.016717811874582544e+00 8.546329380289798792e+02
4.016724482988658806e+00 1.092153965712620447e+03
4.016731154102735069e+00 7.703450904363380687e+02
4.016737825216810442e+00 8.106199002496045125e+01
4.016744496330886705e+00 6.871888626029688112e+02
4.016751167444962967e+00 1.068994570206043136e+03
4.016757838559039229e+00 9.026567719456359100e+02
4.016764509673115491e+00 2.797331890328129020e+02
4.016771180787190865e+00 4.948534511661613351e+02
4.016777851901267127e+00 1.001000454090104313e+03
4.016784523015343389e+00 9.938792338053435742e+02
4.016791194129419651e+00 4.800521049090986025e+02
4.016797865243495025e+00 2.875406351063533634e+02
4.016804536357571287e+00 8.920670219301115367e+02
4.016811207471647549e+00 1.040985243922771360e+03
4.016817878585723811e+00 6.574726737536302608e+02
4.016824549699799185e+00 8.792742032860854806e+01
4.016831220813875447e+00 7.477721390179411856e+02
4.016837891927951709e+00 1.042910634633683003e+03
4.016844563042027971e+00 8.037251410145426007e+02
4.016851234156103345e+00 1.636434391702825621e+02
4.016857905270179607e+00 5.751732211801371477e+02
4.016864576384255869e+00 1.000539661005577727e+03
4.016871247498332131e+00 9.129732205722567642e+02
4.016877918612407505e+00 3.615830966219198785e+02
4.016884589726483767e+00 3.827595368166216758e+02
4.016891260840560030e+00 9.166249476073046480e+02
4.016897931954636292e+00 9.812604524813189073e+02
4.016904603068712554e+00 5.448676789239129903e+02
4.016911274182787928e+00 1.822084946154734553e+02
4.016917945296864190e+00 7.956435187889611598e+02
4.016924616410940452e+00 1.006504925503565914e+03
4.016931287525016714e+00 7.022311711613166381e+02
4.016937958639092088e+00 7.105679739469964318e+01
4.016944629753168350e+00 6.436094168284769239e+02
4.016951300867244612e+00 9.885129938134150507e+02
4.016957971981320874e+00 8.269155600699320985e+02
4.016964643095396248e+00 2.480296000078189707e+02
4.016971314209472510e+00 4.679184132133653407e+02
4.016977985323548772e+00 9.289398109035898869e+02
4.016984656437625034e+00 9.141111227082801634e+02
4.016991327551700408e+00 4.336870230014557137e+02
4.016997998665776670e+00 2.776788750090340727e+02
4.017004669779852932e+00 8.311860305609031911e+02
4.017011340893929194e+00 9.608032216011122273e+02
4.017018012008004568e+00 5.993334198186086041e+02
4.017024683122080830e+00 9.267444255897001426e+01
4.017031354236157092e+00 7.002398946050640234e+02
4.017038025350233355e+00 9.657922257552248766e+02
4.017044696464309617e+00 7.368681210044674117e+02
4.017051367578384991e+00 1.426334776783882035e+02
4.017058038692461253e+00 5.425016943057314620e+02
4.017064709806537515e+00 9.296879846712801054e+02
4.017071380920613777e+00 8.406596126229651418e+02
4.017078052034689151e+00 3.251765181900364610e+02
4.017084723148765413e+00 3.657552883628511609e+02
4.017091394262841675e+00 8.548459560499334202e+02
4.017098065376917937e+00 9.068387144898364340e+02
4.017104736490993311e+00 4.961743488880194946e+02
4.017111407605069573e+00 1.807508354656328891e+02
4.017118078719145835e+00 7.452443706724042158e+02
4.017124749833222097e+00 9.332739891802083321e+02
4.017131420947297471e+00 6.439709371510805340e+02
4.017138092061373733e+00 6.443564849088552648e+01
4.017144763175449995e+00 6.063212050489900093e+02
4.017151434289526257e+00 9.195880235515957111e+02
4.017158105403601631e+00 7.620177645355220193e+02
4.017164776517677893e+00 2.209914613147553268e+02
4.017171447631754155e+00 4.448424601556546918e+02
4.017178118745830417e+00 8.671293415345888889e+02
4.017184789859906680e+00 8.456501185047027320e+02
4.017191460973982053e+00 3.939128758545866162e+02
4.017198132088058316e+00 2.692205429729738171e+02
4.017204803202134578e+00 7.788861099040046838e+02
4.017211474316210840e+00 8.918778029752603516e+02
4.017218145430286214e+00 5.493461739849401511e+02
4.017224816544362476e+00 9.693832029974809927e+01
4.017231487658438738e+00 6.593491758475586266e+02
4.017238158772515000e+00 8.993985986392272025e+02
4.017244829886590374e+00 6.792855491556175593e+02
4.017251501000666636e+00 1.249519687559186991e+02
4.017258172114742898e+00 5.143592178226590477e+02
4.017264843228819160e+00 8.685990315762876435e+02
4.017271514342894534e+00 7.782790005504283499e+02
4.017278185456970796e+00 2.938255803112961075e+02
4.017284856571047058e+00 3.510926472834932497e+02
4.017291527685123320e+00 8.015034125116917494e+02
4.017298198799198694e+00 8.425431085140809273e+02
4.017304869913274956e+00 4.541106999451179718e+02
4.017311541027351218e+00 1.794878220501064447e+02
4.017318212141427480e+00 7.016684529211432846e+02
4.017324883255503742e+00 8.699155222751887777e+02
4.017331554369579116e+00 5.935509680705703204e+02
4.017338225483655378e+00 6.064182255714043634e+01
4.017344896597731640e+00 5.740405821753518012e+02
4.017351567711807903e+00 8.598714451741242328e+02
4.017358238825883276e+00 7.057668395074887258e+02
4.017364909939959539e+00 1.976954836863984895e+02
4.017371581054035801e+00 4.248435091712414646e+02
4.017378252168112063e+00 8.135042769694769049e+02
4.017384923282187437e+00 7.862256052402576643e+02
4.017391594396263699e+00 3.594133458812969479e+02
4.017398265510339961e+00 2.618816146701502134e+02
4.017404936624416223e+00 7.334532610329551972e+02
4.017411607738491597e+00 8.319679961759286471e+02
4.017418278852567859e+00 5.058937913219084521e+02
4.017424949966644121e+00 1.007640251464703169e+02
4.017431621080720383e+00 6.237840572243998167e+02
4.017438292194795757e+00 8.416128400291315756e+02
4.017444963308872019e+00 6.291525501355146162e+02
4.017451634422948281e+00 1.100277252512599375e+02
4.017458305537024543e+00 4.898548827495150704e+02
4.017464976651099917e+00 8.153619641566219798e+02
4.017471647765176179e+00 7.238932207618246366e+02
4.017478318879252441e+00 2.665540229884300629e+02
4.017484989993328703e+00 3.383130875147612073e+02
4.017491661107404965e+00 7.549596319883024762e+02
4.017498332221480339e+00 7.864142557593679612e+02
4.017505003335556601e+00 4.173994849628219299e+02
4.017511674449632864e+00 1.783805283832772091e+02
4.017518345563709126e+00 6.636017320056315612e+02
4.017525016677784500e+00 8.145350234400730187e+02
4.017531687791860762e+00 5.494717846247185662e+02
4.017538358905937024e+00 5.909730910364307022e+01
4.017545030020013286e+00 5.458102626564955244e+02
4.017551701134088660e+00 8.076106120363346008e+02
4.017558372248164922e+00 6.565221651927398625e+02
4.017565043362241184e+00 1.774545622843730257e+02
4.017571714476317446e+00 4.073367809939553581e+02
4.017578385590392820e+00 7.665191522605683758e+02
4.017585056704469082e+00 7.341368246857086888e+02
4.017591727818545344e+00 3.292021037143186959e+02
4.017598398932621606e+00 2.554493568233976930e+02
4.017605070046696980e+00 6.936010095705504455e+02
4.017611741160773242e+00 7.793905674540046675e+02
4.017618412274849504e+00 4.677608549741564730e+02
4.017625083388925766e+00 1.042019359410629136e+02
4.017631754503002028e+00 5.925541838272112045e+02
4.017638425617077402e+00 7.908405839546539937e+02
4.017645096731153664e+00 5.850937991206855031e+02
4.017651767845229926e+00 9.744503269522344624e+01
4.017658438959306189e+00 4.683164796344428282e+02
4.017665110073381562e+00 7.685337854848028201e+02
4.017671781187457825e+00 6.760376644827831569e+02
4.017678452301534087e+00 2.426245179845933819e+02
4.017685123415610349e+00 3.270698978981670848e+02
4.017691794529685723e+00 7.139746651855630262e+02
4.017698465643761985e+00 7.369676457123100590e+02
4.017705136757838247e+00 3.850725292889119373e+02
4.017711807871914509e+00 1.773994513825707884e+02
4.017718478985989883e+00 6.300467745584152226e+02
4.017725150100066145e+00 7.656934598301254482e+02
4.017731821214142407e+00 5.105937223125842479e+02
4.017738492328218669e+00 5.922550636346560538e+01
4.017745163442294043e+00 5.209018245711972668e+02
4.017751834556370305e+00 7.614708997658826775e+02
4.017758505670446567e+00 6.130336510010382653e+02
4.017765176784522829e+00 1.597481701439590722e+02
4.017771847898599091e+00 3.918763055825678521e+02
4.017778519012674465e+00 7.249942158932275333e+02
4.017785190126750727e+00 6.880846687047810519e+02
4.017791861240826989e+00 3.025256328985572054e+02
4.017798532354903251e+00 2.497613074467263345e+02
4.017805203468978625e+00 6.583449473122684594e+02
4.017811874583054887e+00 7.328566901415628081e+02
4.017818545697131150e+00 4.340162576505796892e+02
4.017825216811207412e+00 1.072999704231068989e+02
4.017831887925282786e+00 5.648999689384842213e+02
4.017838559039359048e+00 7.458581582094997202e+02
4.017845230153435310e+00 5.460531363081310019e+02
4.017851901267511572e+00 8.689906471658116516e+01
4.017858572381586946e+00 4.492272965746213913e+02
4.017865243495663208e+00 7.270044280371654395e+02
4.017871914609739470e+00 6.335849830731083330e+02
4.017878585723815732e+00 2.214701612328626652e+02
4.017885256837891106e+00 3.170960881526806361e+02
4.017891927951967368e+00 6.775924772823269677e+02
4.017898599066043630e+00 6.930580038442479918e+02
4.017905270180119892e+00 3.563826358318326015e+02
4.017911941294196154e+00 1.765218171085242886e+02
4.017918612408271528e+00 6.002328283794690833e+02
4.017925283522347790e+00 7.222781586865711461e+02
4.017931954636424052e+00 4.760351337169269073e+02
4.017938625750500314e+00 6.051102851402855975e+01
4.017945296864575688e+00 4.987511918760640128e+02
4.017951967978651950e+00 7.204181006589598155e+02
4.017958639092728212e+00 5.743320728285488030e+02
4.017965310206804475e+00 1.441762411799436165e+02
4.017971981320879848e+00 3.781160679711921375e+02
4.017978652434956111e+00 6.880133055554379098e+02
4.017985323549032373e+00 6.470597310180955901e+02
4.017991994663108635e+00 2.787985008738265265e+02
4.017998665777184009e+00 2.446912723076674183e+02
4.018005336891260271e+00 6.269190026878852677e+02
4.018012008005336533e+00 6.913628257714287884e+02
4.018018679119412795e+00 4.039346949407284342e+02
4.018025350233488169e+00 1.101009410246442570e+02
4.018032021347564431e+00 5.402290936214808426e+02
4.018038692461640693e+00 7.057107766196663761e+02
4.018045363575716955e+00 5.112060740001689965e+02
4.018052034689793217e+00 7.816386206965471217e+01
4.018058705803868591e+00 4.321836342005148026e+02
4.018065376917944853e+00 6.899059815924396162e+02
4.018072048032021115e+00 5.956533042750185132e+02
4.018078719146097377e+00 2.026483175824333784e+02
4.018085390260172751e+00 3.081827436244700493e+02
4.018092061374249013e+00 6.450640968082173003e+02
4.018098732488325275e+00 6.537876347330783346e+02
4.018105403602401537e+00 3.307440032852211971e+02
4.018112074716476911e+00 1.757297608364740995e+02
4.018118745830553173e+00 5.735549005891583647e+02
4.018125416944629436e+00 6.834152595914628137e+02
4.018132088058705698e+00 4.451033013853916032e+02
4.018138759172781072e+00 6.254210488160556025e+01
4.018145430286857334e+00 4.789147747019667918e+02
4.018152101400933596e+00 6.836384071404546603e+02
4.018158772515009858e+00 5.396543984359024080e+02
4.018165443629085232e+00 1.304278123472466575e+02
4.018172114743161494e+00 3.657835099444048410e+02
4.018178785857237756e+00 6.548541349156356546e+02
4.018185456971314018e+00 6.102658249722021537e+02
4.018192128085390280e+00 2.575591063377801788e+02
4.018198799199465654e+00 2.401397513796976568e+02
4.018205470313541916e+00 5.987180986225064316e+02
4.018212141427618178e+00 6.541159331142173414e+02
4.018218812541694440e+00 3.769428135154807933e+02
4.018225483655769814e+00 1.126420502069377818e+02
4.018232154769846076e+00 5.180728788049317473e+02
4.018238825883922338e+00 6.696425369374326237e+02
4.018245496997998600e+00 4.798995897976195693e+02
4.018252168112073974e+00 7.106707147336905450e+01
4.018258839226150236e+00 4.168655258741323451e+02
4.018265510340226498e+00 6.565500836337581632e+02
4.018272181454302761e+00 5.615428756606729621e+02
4.018278852568378134e+00 1.858087585882649648e+02
4.018285523682454397e+00 3.001640651199059562e+02
4.018292194796530659e+00 6.157944450439217690e+02
4.018298865910606921e+00 6.184429590084715755e+02
4.018305537024682295e+00 3.076909420857532496e+02
4.018312208138758557e+00 1.750090677683241438e+02
4.018318879252834819e+00 5.495314807668778485e+02
4.018325550366911081e+00 6.484089137815648201e+02
4.018332221480987343e+00 4.172464224295247277e+02
4.018338892595062717e+00 6.501740348328763730e+01
4.018345563709138979e+00 4.610389428856350946e+02
4.018352234823215241e+00 6.504826766050882725e+02
4.018358905937291503e+00 5.083917350255976544e+02
4.018365577051366877e+00 1.182592026037263935e+02
4.018372248165443139e+00 3.546610339686994280e+02
4.018378919279519401e+00 6.249395934521684239e+02
4.018385590393595663e+00 5.770665161312408600e+02
4.018392261507671037e+00 2.384387265730822776e+02
4.018398932621747299e+00 2.360272421641247149e+02
4.018405603735823561e+00 5.732579795729907346e+02
4.018412274849899823e+00 6.204810335689949170e+02
4.018418945963975197e+00 3.525814304797002023e+02
4.018425617078051459e+00 1.149552218148774472e+02
4.018432288192127722e+00 4.980556349048976585e+02
4.018438959306203984e+00 6.370472055738598556e+02
4.018445630420279358e+00 4.516097686443629868e+02
4.018452301534355620e+00 6.546816802501656696e+01
4.018458972648431882e+00 4.030161110329374878e+02
4.018465643762508144e+00 6.263837795969836861e+02
4.018472314876584406e+00 5.306913676563719946e+02
4.018478985990659780e+00 1.706711921710551962e+02
4.018485657104736042e+00 2.929068037707735925e+02
4.018492328218812304e+00 5.893047486228607568e+02
4.018498999332888566e+00 5.864496196818906810e+02
4.018505670446963940e+00 2.868486523564045001e+02
4.018512341561040202e+00 1.743482818529506631e+02
4.018519012675116464e+00 5.277745744198077773e+02
4.018525683789192726e+00 6.166981589963781971e+02
4.018532354903268100e+00 3.920195295367075801e+02
4.018539026017344362e+00 6.772940672340087076e+01
4.018545697131420624e+00 4.448383316388006392e+02
4.018552368245496886e+00 6.204267951743244112e+02
4.018559039359572260e+00 4.800522879384513999e+02
4.018565710473648522e+00 1.074784928260391865e+02
4.018572381587724784e+00 3.445728258550792020e+02
4.018579052701801047e+00 5.978030235483278148e+02
4.018585723815876420e+00 5.469469757231001950e+02
4.018592394929952683e+00 2.211394264762449495e+02
4.018599066044028945e+00 2.322894611976533952e+02
4.018605737158105207e+00 5.501464955349064212e+02
4.018612408272181469e+00 5.899437065383594927e+02
4.018619079386256843e+00 3.304784939240911399e+02
4.018625750500333105e+00 1.170677142324977495e+02
4.018632421614409367e+00 4.798726977051742892e+02
4.018639092728485629e+00 6.074329275074626366e+02
4.018645763842561003e+00 4.259114108851629794e+02
4.018652434956637265e+00 6.123922110325884205e+01
4.018659106070713527e+00 3.904268178684991994e+02
4.018665777184789789e+00 5.989577942114226516e+02
4.018672448298865163e+00 5.026417245856488307e+02
4.018679119412941425e+00 1.570091166389184139e+02
4.018685790527017687e+00 2.863026555019779948e+02
4.018692461641093949e+00 5.652054553151775735e+02
4.018699132755169323e+00 5.573401137562835856e+02
4.018705803869245585e+00 2.679121448209830874e+02
4.018712474983321847e+00 1.737380641374994070e+02
4.018719146097398109e+00 5.079680586212057278e+02
4.018725817211473483e+00 5.878257519250930727e+02
4.018732488325549745e+00 3.690598468027633885e+02
4.018739159439626007e+00 7.054088159489216991e+01
4.018745830553702270e+00 4.300801352404619138e+02
4.018752501667778532e+00 5.930429644047237616e+02
4.018759172781853906e+00 4.542345113565979204e+02
4.018765843895930168e+00 9.793422424564938922e+01
4.018772515010006430e+00 3.353752937675217822e+02
4.018779186124082692e+00 5.730630083400025114e+02
4.018785857238158066e+00 5.194862666566541520e+02
4.018792528352234328e+00 2.054180079366369682e+02
4.018799199466310590e+00 2.288738716321393554e+02
4.018805870580386852e+00 5.290627040075773948e+02
4.018812541694462226e+00 5.620827797585519647e+02
4.018819212808538488e+00 3.103293838021495503e+02
4.018825883922614750e+00 1.190027804716876005e+02
4.018832555036691012e+00 4.632744080900777135e+02
4.018839226150766386e+00 5.803964716392215450e+02
4.018845897264842648e+00 4.024558405127045262e+02
4.018852568378918910e+00 5.824952167454038943e+01
4.018859239492995172e+00 3.789265328256915950e+02
4.018865910607070546e+00 5.739033248501602884e+02
4.018872581721146808e+00 4.770186378364538200e+02
4.018879252835223070e+00 1.446380244815044875e+02
4.018885923949299332e+00 2.802626910955350468e+02
4.018892595063375595e+00 5.431763812844488939e+02
4.018899266177450968e+00 5.307300530749633936e+02
4.018905937291527231e+00 2.506307747988339258e+02
4.018912608405603493e+00 1.731707220721839349e+02
4.018919279519679755e+00 4.898517828415545523e+02
4.018925950633755129e+00 5.614152609562001999e+02
4.018932621747831391e+00 3.480686682396598144e+02
4.018939292861907653e+00 7.336368977524701052e+01
4.018945963975983915e+00 4.165725458243955472e+02
4.018952635090059289e+00 5.679785533718294346e+02
4.018959306204135551e+00 4.306073233361742609e+02
4.018965977318211813e+00 8.950692288682290609e+01
4.018972648432288075e+00 3.269500163725069797e+02
4.018979319546363449e+00 5.504047638134328508e+02
4.018985990660439711e+00 4.943368785715148874e+02
4.018992661774515973e+00 1.910741587268842068e+02
4.018999332888592235e+00 2.257371190902128717e+02
4.019006004002667609e+00 5.097414146042984839e+02
4.019012675116743871e+00 5.365501215186644686e+02
4.019019346230820133e+00 2.918823285131514353e+02
4.019026017344896395e+00 1.207802827023969172e+02
4.019032688458972657e+00 4.480542404092655602e+02
4.019039359573048031e+00 5.556041352471013397e+02
4.019046030687124293e+00 3.809544426094498704e+02
4.019052701801200556e+00 5.635669605847871821e+01
4.019059372915276818e+00 3.683735589449881900e+02
4.019066044029352192e+00 5.509148009865550648e+02
4.019072715143428454e+00 4.535110586644456703e+02
4.019079386257504716e+00 1.334066573073919812e+02
4.019086057371580978e+00 2.747132138292912487e+02
4.019092728485656352e+00 5.229519332621266585e+02
4.019099399599732614e+00 5.063004849050747112e+02
4.019106070713808876e+00 2.347967213002059168e+02
4.019112741827885138e+00 1.726398591951047763e+02
4.019119412941960512e+00 4.732097109726007034e+02
4.019126084056036774e+00 5.371539733385025102e+02
4.019132755170113036e+00 3.287978292101713578e+02
4.019139426284189298e+00 7.614270384846967943e+01
4.019146097398264672e+00 4.041561144862186552e+02
4.019152768512340934e+00 5.449402884209563354e+02
4.019159439626417196e+00 4.088953071762839500e+02
4.019166110740493458e+00 8.210247079431455575e+01
4.019172781854569720e+00 3.191984643644174184e+02
4.019179452968645094e+00 5.295662014176833736e+02
4.019186124082721356e+00 4.712093920245303025e+02
4.019192795196797618e+00 1.779415766889121073e+02
4.019199466310873881e+00 2.228431104232708719e+02
4.019206137424949254e+00 4.919615913577458741e+02
4.019212808539025517e+00 5.130554698571626204e+02
4.019219479653101779e+00 2.749274525967068143e+02
4.019226150767178041e+00 1.224172304819897334e+02
4.019232821881253415e+00 4.340398778051742852e+02
4.019239492995329677e+00 5.327773818066855256e+02
4.019246164109405939e+00 3.611662765697928421e+02
4.019252835223482201e+00 5.540609895591230583e+01
4.019259506337557575e+00 3.586495599115141886e+02
4.019266177451633837e+00 5.297368937169809442e+02
4.019272848565710099e+00 4.318590160455698879e+02
4.019279519679786361e+00 1.231904357722188337e+02
4.019286190793861735e+00 2.695926352779630406e+02
4.019292861907937997e+00 5.043099539583261048e+02
4.019299533022014259e+00 4.837845411674795173e+02
4.019306204136090521e+00 2.202362858180405567e+02
4.019312875250166783e+00 1.721401105630542929e+02
4.019319546364242157e+00 4.578609553467421165e+02
4.019326217478318419e+00 5.147799646317292854e+02
4.019332888592394681e+00 3.110394684745767222e+02
4.019339559706470943e+00 7.884454858463691096e+01
4.019346230820546317e+00 3.926972082255352916e+02
4.019352901934622579e+00 5.236822722800584415e+02
4.019359573048698842e+00 3.888674924990909858e+02
4.019366244162775104e+00 7.564660473632606852e+01
4.019372915276850478e+00 3.120379961022509292e+02
4.019379586390926740e+00 5.103273482401201022e+02
4.019386257505003002e+00 4.498608324832497374e+02
4.019392928619079264e+00 1.658812358955025559e+02
4.019399599733154638e+00 2.201615549425650897e+02
4.019406270847230900e+00 4.755375342285206557e+02
4.019412941961307162e+00 4.913548920588158353e+02
4.019419613075383424e+00 2.592884428866827307e+02
4.019426284189458798e+00 1.239282379661424045e+02
4.019432955303535060e+00 4.210864151330079039e+02
4.019439626417611322e+00 5.116818976514740029e+02
4.019446297531687584e+00 3.428886337320224129e+02
4.019452968645763846e+00 5.523745390883428996e+01
4.019459639759839220e+00 3.496549406601621968e+02
4.019466310873915482e+00 5.101546014444863886e+02
4.019472981987991744e+00 4.118435517692342387e+02
4.019479653102068006e+00 1.138864628411583482e+02
4.019486324216143380e+00 2.648490895630590103e+02
4.019492995330219642e+00 4.870631949983493882e+02
4.019499666444295904e+00 4.629572283593305428e+02
4.019506337558372167e+00 2.068032384386874867e+02
4.019513008672447540e+00 1.716669407568858503e+02
4.019519679786523803e+00 4.436529116720692514e+02
4.019526350900600065e+00 4.940721942440994781e+02
4.019533022014676327e+00 2.946181833756572814e+02
4.019539693128751701e+00 8.145002632428175104e+01
4.019546364242827963e+00 3.820829920474450319e+02
4.019553035356904225e+00 5.039967924897497369e+02
4.019559706470980487e+00 3.703287448194032550e+02
4.019566377585055861e+00 7.008000529651350519e+01
4.019573048699132123e+00 3.053987827882574493e+02
4.019579719813208385e+00 4.925022177881696734e+02
4.019586390927284647e+00 4.300857180668740511e+02
4.019593062041360909e+00 1.547762188300398236e+02
4.019599733155436283e+00 2.176668436357290659e+02
4.019606404269512545e+00 4.603120928761777577e+02
4.019613075383588807e+00 4.712419000925943919e+02
4.019619746497665069e+00 2.448161312240737004e+02
4.019626417611740443e+00 1.253259070510852098e+02
4.019633088725816705e+00 4.090711201077259602e+02
4.019639759839892967e+00 4.921191542031298809e+02
4.019646430953969229e+00 3.259497544764150803e+02
4.019653102068044603e+00 5.569496959323956276e+01
4.019659773182120865e+00 3.413052816388749306e+02
4.019666444296197128e+00 4.919855940433159844e+02
4.019673115410273390e+00 3.932789456516218252e+02
4.019679786524348764e+00 1.054096764504608643e+02
4.019686457638425026e+00 2.604385890917346842e+02
4.019693128752501288e+00 4.710527227425541810e+02
4.019699799866577550e+00 4.436275285923269962e+02
4.019706470980652924e+00 1.943736716797334907e+02
4.019713142094729186e+00 1.712164874091780860e+02
4.019719813208805448e+00 4.304559423293833902e+02
4.019726484322881710e+00 4.748428317745606364e+02
4.019733155436957972e+00 2.793849500831464638e+02
4.019739826551033346e+00 8.394911387718744322e+01
4.019746497665109608e+00 3.722175376859074163e+02
4.019753168779185870e+00 4.857071897715395039e+02
4.019759839893262132e+00 3.531130826542138266e+02
4.019766511007337506e+00 6.535360733945195477e+01
4.019773182121413768e+00 2.992214202906009177e+02
4.019779853235490030e+00 4.759324936169964531e+02
4.019786524349566292e+00 4.117091012785331259e+02
4.019793195463641666e+00 1.445277091247983492e+02
4.019799866577717928e+00 2.153371778311480682e+02
4.019806537691794190e+00 4.461513862513189110e+02
4.019813208805870453e+00 4.525405351077774867e+02
4.019819879919945826e+00 2.313834987614806948e+02
4.019826551034022089e+00 1.266211454854546474e+02
4.019833222148098351e+00 3.978893516708835136e+02
4.019839893262174613e+00 4.739198311492917810e+02
4.019846564376249987e+00 3.102031499803408678e+02
4.019853235490326249e+00 5.663662302293895578e+01
4.019859906604402511e+00 3.335285573454132191e+02
4.019866577718478773e+00 4.750742372573833450e+02
4.019873248832555035e+00 3.760066448492756876e+02
4.019879919946630409e+00 9.768984499572705715e+01
4.019886591060706671e+00 2.563235850265915587e+02
4.019893262174782933e+00 4.561427642139057070e+02
4.019899933288859195e+00 4.256322239290064999e+02
4.019906604402934569e+00 1.828419790157181808e+02
4.019913275517010831e+00 1.707854389666810278e+02
4.019919946631087093e+00 4.181592154539428634e+02
4.019926617745163355e+00 4.569312492475903582e+02
4.019933288859238729e+00 2.652123627964821253e+02
4.019939959973314991e+00 8.633768092831343210e+01
4.019946631087391253e+00 3.630187741001862491e+02
4.019953302201467515e+00 4.686622672163557013e+02
4.019959973315542889e+00 3.370784366578893696e+02
4.019966644429619151e+00 6.142396775630193417e+01
4.019973315543695414e+00 2.934550559705825776e+02
4.019979986657771676e+00 4.604825710704826633e+02
4.019986657771847050e+00 3.945811050822080688e+02
4.019993328885923312e+00 1.350518552585723171e+02
4.019999999999999574e+00 2.131538857096605852e+02
