4.009999999999999787e+00 3.522428056033961070e+02
4.010006671114076049e+00 5.590818114433880055e+02
4.010013342228152311e+00 4.083204946674333655e+02
4.010020013342227685e+00 9.465543812604560969e+01
4.010026684456303947e+00 4.361354793211162928e+02
4.010033355570380209e+00 5.583181865265092938e+02
4.010040026684456471e+00 3.235267907088331185e+02
4.010046697798531845e+00 1.652149777056707762e+02
4.010053368912608107e+00 5.031502678593482187e+02
4.010060040026684369e+00 5.332316882657820543e+02
4.010066711140760631e+00 2.269782697034087278e+02
4.010073382254836005e+00 2.655785481411138562e+02
4.010080053368912267e+00 5.495081310269791857e+02
4.010086724482988529e+00 4.847333172630165450e+02
4.010093395597064792e+00 1.316837443232865610e+02
4.010100066711140165e+00 3.632749676346697356e+02
4.010106737825216427e+00 5.726235276547645299e+02
4.010113408939292690e+00 4.149660223035684226e+02
4.010120080053368952e+00 9.534670838313576269e+01
4.010126751167444326e+00 4.488820216525168689e+02
4.010133422281520588e+00 5.710630553315643283e+02
4.010140093395596850e+00 3.274669576862447116e+02
4.010146764509673112e+00 1.711657454589962413e+02
4.010153435623749374e+00 5.170088364860129104e+02
4.010160106737824748e+00 5.445737818954567047e+02
4.010166777851901010e+00 2.279955831010902898e+02
4.010173448965977272e+00 2.747573430761569853e+02
4.010180120080053534e+00 5.638453012683795578e+02
4.010186791194128908e+00 4.941155043401768694e+02
4.010193462308205170e+00 1.301359721318929132e+02
4.010200133422281432e+00 3.748516780046440999e+02
4.010206804536357694e+00 5.867835667808053586e+02
4.010213475650433068e+00 4.219047173306683476e+02
4.010220146764509330e+00 9.632805504771012295e+01
4.010226817878585592e+00 4.622392183281402254e+02
4.010233488992661854e+00 5.843889626330653755e+02
4.010240160106737228e+00 3.315783956511481847e+02
4.010246831220813490e+00 1.775309585243371657e+02
4.010253502334889752e+00 5.315225192464713473e+02
4.010260173448966015e+00 5.564326304006642658e+02
4.010266844563041388e+00 2.290507647535629303e+02
4.010273515677117651e+00 2.844317215423799325e+02
4.010280186791193913e+00 5.788560197436219141e+02
4.010286857905270175e+00 5.039248280632834280e+02
4.010293529019346437e+00 1.285242973492873659e+02
4.010300200133421811e+00 3.870109869355652563e+02
4.010306871247498073e+00 6.016070857273202819e+02
4.010313542361574335e+00 4.291584273759001462e+02
4.010320213475650597e+00 9.763035708791511524e+01
4.010326884589725971e+00 4.762509429209320615e+02
4.010333555703802233e+00 5.983387940358459218e+02
4.010340226817878495e+00 3.358741214444622756e+02
4.010346897931954757e+00 1.843347437459643743e+02
4.010353569046030131e+00 5.467392077414020832e+02
4.010360240160106393e+00 5.688467701470691509e+02
4.010366911274182655e+00 2.301469365152634055e+02
4.010373582388258917e+00 2.946354405817550628e+02
4.010380253502334291e+00 5.945901778703132550e+02
4.010386924616410553e+00 5.141934861185520731e+02
4.010393595730486815e+00 1.268458131158555773e+02
4.010400266844563077e+00 3.997948258257472389e+02
4.010406937958638451e+00 6.171437864639769941e+02
4.010413609072714713e+00 4.367511985911328907e+02
4.010420280186790976e+00 9.928568126534030114e+01
4.010426951300867238e+00 4.909655373107219702e+02
4.010433622414943500e+00 6.129597765518021788e+02
4.010440293529018874e+00 3.403684720138376747e+02
4.010446964643095136e+00 1.916037530023083093e+02
4.010453635757171398e+00 5.627116853157874630e+02
4.010460306871247660e+00 5.818586624346032750e+02
4.010466977985323034e+00 2.312875393651671914e+02
4.010473649099399296e+00 3.054058216944010269e+02
4.010480320213475558e+00 6.111027873860492718e+02
4.010486991327551820e+00 5.249569764377583851e+02
4.010493662441627194e+00 1.250975769780195463e+02
4.010500333555703456e+00 4.132495031965992780e+02
4.010507004669779718e+00 6.334485004477527355e+02
4.010513675783855980e+00 4.447095588158208557e+02
4.010520346897931354e+00 1.013270974266418847e+02
4.010527018012007616e+00 5.064363879615593760e+02
4.010533689126083878e+00 6.283040409052470068e+02
4.010540360240160140e+00 3.450772757907290611e+02
4.010547031354235514e+00 1.993675305351915483e+02
4.010553702468311776e+00 5.794982632332076946e+02
4.010560373582388038e+00 5.955152057699792749e+02
4.010567044696464301e+00 2.324763751475088611e+02
4.010573715810540563e+00 3.167842170588930912e+02
4.010580386924615937e+00 6.284546511949245087e+02
4.010587058038692199e+00 5.362545312482612871e+02
4.010593729152768461e+00 1.232766599313144127e+02
4.010600400266844723e+00 4.274262801266041834e+02
4.010607071380920097e+00 6.505818656545786780e+02
4.010613742494996359e+00 4.530628462453134944e+02
4.010620413609072621e+00 1.037885431040669175e+02
4.010627084723148883e+00 5.227225944963872735e+02
4.010633755837224257e+00 6.444292734981306694e+02
4.010640426951300519e+00 3.500180520271701994e+02
4.010647098065376781e+00 2.076589319120032826e+02
4.010653769179453043e+00 5.971635190486615556e+02
4.010660440293528417e+00 6.098683298117394997e+02
4.010667111407604679e+00 2.337176556260347411e+02
4.010673782521680941e+00 3.288165486644352882e+02
4.010680453635757203e+00 6.467131427988650785e+02
4.010687124749832577e+00 5.481296206231836550e+02
4.010693795863908839e+00 1.213802166081794809e+02
4.010700466977985101e+00 4.423820384425665111e+02
4.010707138092061363e+00 6.686111139058397157e+02
4.010713809206137626e+00 4.618435912912730714e+02
4.010720480320212999e+00 1.067047729115454047e+02
4.010727151434289262e+00 5.398897472971590332e+02
4.010733822548365524e+00 6.613994753224951637e+02
4.010740493662441786e+00 3.552102422581718315e+02
4.010747164776517160e+00 2.165146058817943242e+02
4.010753835890593422e+00 6.157791564746460153e+02
4.010760507004669684e+00 6.249756880624389623e+02
4.010767178118745946e+00 2.350160590912699945e+02
4.010773849232821320e+00 3.415539381994316273e+02
4.010780520346897582e+00 6.659531150362954577e+02
4.010787191460973844e+00 5.606305402357720595e+02
4.010793862575050106e+00 1.194055838737264850e+02
4.010800533689125480e+00 4.581800611141929949e+02
4.010807204803201742e+00 6.876109899285705751e+02
4.010813875917278004e+00 4.710879629021362121e+02
4.010820547031354266e+00 1.101114284163056567e+02
4.010827218145429640e+00 5.580108364153985576e+02
4.010833889259505902e+00 6.792858489443872259e+02
4.010840560373582164e+00 3.606754815686192046e+02
4.010847231487658426e+00 2.259755519953684484e+02
4.010853902601734688e+00 6.354250113950733976e+02
4.010860573715810062e+00 6.409014679210976055e+02
4.010867244829886324e+00 2.363767970437550048e+02
4.010873915943962587e+00 3.550534424797485258e+02
4.010880587058038849e+00 6.862579643021609854e+02
4.010887258172114223e+00 5.738110997201661121e+02
4.010893929286190485e+00 1.173504201869685062e+02
4.010900600400266747e+00 4.748909463209664068e+02
4.010907271514343009e+00 7.076648286565673516e+02
4.010913942628418383e+00 4.808362914203552805e+02
4.010920613742494645e+00 1.140452559244990596e+02
4.010927284856570907e+00 5.771673177619666149e+02
4.010933955970647169e+00 6.981678392065751950e+02
4.010940627084722543e+00 3.664379164008352063e+02
4.010947298198798805e+00 2.360877690401586335e+02
4.010953969312875067e+00 6.561902330982401281e+02
4.010960640426951329e+00 6.577173423065362385e+02
4.010967311541026703e+00 2.378056925383343980e+02
4.010973982655102965e+00 3.693789183075812161e+02
4.010980653769179227e+00 7.077208816386882972e+02
4.010987324883255489e+00 5.877314320110112931e+02
4.010993995997331751e+00 1.152128984594261425e+02
4.011000667111407125e+00 4.925936832216064545e+02
4.011007338225483387e+00 7.288658234478731401e+02
4.011014009339559649e+00 4.911336844325008997e+02
4.011020680453635912e+00 1.185444961855711341e+02
4.011027351567711285e+00 5.974503689294292599e+02
4.011034022681787548e+00 7.181343599132572990e+02
4.011040693795863810e+00 3.725245795396309063e+02
4.011047364909940072e+00 2.469030152982716402e+02
4.011054036024015446e+00 6.781746782318527949e+02
4.011060707138091708e+00 6.755035929102035652e+02
4.011067378252167970e+00 2.393092725443345330e+02
4.011074049366244232e+00 3.846020436224180798e+02
4.011080720480319606e+00 7.304463308522466605e+02
4.011087391594395868e+00 6.024589500331175032e+02
4.011094062708472130e+00 1.129919759281725504e+02
4.011100733822548392e+00 5.113769244276823542e+02
4.011107404936623766e+00 7.513185259740879474e+02
4.011114076050700028e+00 5.020307559462349900e+02
4.011120747164776290e+00 1.236494584862862069e+02
4.011127418278852552e+00 6.189623769048386066e+02
4.011134089392928814e+00 7.392852463970535837e+02
4.011140760507004188e+00 3.789658347314983189e+02
4.011147431621080450e+00 2.584797038876689044e+02
4.011154102735156712e+00 7.014905625810929450e+02
4.011160773849232974e+00 6.943504416040341312e+02
4.011167444963308348e+00 2.408948779431262039e+02
4.011174116077384610e+00 4.008035281458913914e+02
4.011180787191460873e+00 7.545518024173156846e+02
4.011187458305537135e+00 6.180694820183714455e+02
4.011194129419612509e+00 1.106877679438469642e+02
4.011200800533688771e+00 5.313404964284906100e+02
4.011207471647765033e+00 7.751406285717953324e+02
4.011214142761841295e+00 5.135844917619511989e+02
4.011220813875916669e+00 1.294032884078458778e+02
4.011227484989992931e+00 6.418187063950786069e+02
4.011234156104069193e+00 7.617329840061772757e+02
4.011240827218145455e+00 3.857959050230543312e+02
4.011247498332220829e+00 2.708839654171847542e+02
4.011254169446297091e+00 7.262644288449939722e+02
4.011260840560373353e+00 7.143596372957999847e+02
4.011267511674449615e+00 2.425707941172510118e+02
4.011274182788525877e+00 4.180745575567574406e+02
4.011280853902601251e+00 7.801699056980492060e+02
4.011287525016677513e+00 6.346486266673115324e+02
4.011294196130753775e+00 1.083020680217544225e+02
4.011300867244830037e+00 5.525972048947094208e+02
4.011307538358905411e+00 8.004650932555896361e+02
4.011314209472981673e+00 5.258592853979342863e+02
4.011320880587057935e+00 1.358529339108803242e+02
4.011327551701134198e+00 6.661498157712693455e+02
4.011334222815209571e+00 7.856047755814843185e+02
4.011340893929285834e+00 3.930535060945497321e+02
4.011347565043362096e+00 2.841909161082784863e+02
4.011354236157438358e+00 7.526395031352659544e+02
4.011360907271513732e+00 7.356463564476692909e+02
4.011367578385589994e+00 2.443464083670386628e+02
4.011374249499666256e+00 4.365185237300015615e+02
4.011380920613742518e+00 8.074508779966473639e+02
4.011387591727817892e+00 6.522933782104919374e+02
4.011394262841894154e+00 1.058390708393568076e+02
4.011400933955970416e+00 5.752750000419827074e+02
4.011407605070046678e+00 8.274427085802039983e+02
4.011414276184122940e+00 5.389281806952620855e+02
4.011420947298198314e+00 1.430503178466415761e+02
4.011427618412274576e+00 6.921037998322021849e+02
4.011434289526350838e+00 8.110450281912667378e+02
4.011440960640427100e+00 4.007826073110498442e+02
4.011447631754502474e+00 2.984861802711124596e+02
4.011454302868578736e+00 7.807785321959800058e+02
4.011460973982654998e+00 7.583414926049232463e+02
4.011467645096731260e+00 2.462323988706720570e+02
4.011474316210806634e+00 4.562531116509201752e+02
4.011480987324882896e+00 8.365656104049519399e+02
4.011487658438959159e+00 6.711140877551325730e+02
4.011494329553035421e+00 1.033063777461950394e+02
4.011501000667110794e+00 5.995195932663370968e+02
4.011507671781187057e+00 8.562451781884490174e+02
4.011514342895263319e+00 5.528743752264160776e+02
4.011521014009339581e+00 1.510537332882273063e+02
4.011527685123414955e+00 7.198494660600572388e+02
4.011534356237491217e+00 8.382183620382575100e+02
4.011541027351567479e+00 4.090333539392595981e+02
4.011547698465643741e+00 3.138677330051556282e+02
4.011554369579720003e+00 8.108672208013298359e+02
4.011561040693795377e+00 7.825944312951392021e+02
4.011567711807871639e+00 2.482409648429636206e+02
4.011574382921947901e+00 4.774128294001617405e+02
4.011581054036024163e+00 8.677093194610249611e+02
4.011587725150099537e+00 6.912368437442319191e+02
4.011594396264175799e+00 1.007163965781702331e+02
4.011601067378252061e+00 6.254976345050688451e+02
4.011607738492328323e+00 8.870688746757061836e+02
4.011614409606403697e+00 5.677930469904910069e+02
4.011621080720479959e+00 1.599294884073873675e+02
4.011627751834556221e+00 7.495800777831939286e+02
4.011634422948632483e+00 8.673132732157881719e+02
4.011641094062707857e+00 4.178631895798852156e+02
4.011647765176784119e+00 3.304481411571415492e+02
4.011654436290860382e+00 8.431184217261571803e+02
4.011661107404936644e+00 8.085764336336274027e+02
4.011667778519012018e+00 2.503861067995249527e+02
4.011674449633088280e+00 5.001520970803777004e+02
4.011681120747164542e+00 9.011060308735314948e+02
4.011687791861240804e+00 7.128063800879675682e+02
4.011694462975317066e+00 9.808828630012276051e+01
4.011701134089392440e+00 6.534005985745880025e+02
4.011707805203468702e+00 9.201394321268281828e+02
4.011714476317544964e+00 5.837935909140819604e+02
4.011721147431621226e+00 1.697538517928604165e+02
4.011727818545696600e+00 7.815179400238780545e+02
4.011734489659772862e+00 8.985466236503216351e+02
4.011741160773849124e+00 4.273382331916515113e+02
4.011747831887925386e+00 3.483573125922686700e+02
4.011754503002000760e+00 8.777772788607106804e+02
4.011761174116077022e+00 8.364847919707024175e+02
4.011767845230153284e+00 2.526839713046660734e+02
4.011774516344229546e+00 5.246490437336673267e+02
4.011781187458304920e+00 9.370140933771597247e+02
4.011787858572381182e+00 7.359896546799303678e+02
4.011794529686457444e+00 9.545065082657879429e+01
4.011801200800533707e+00 6.834495712618187326e+02
4.011807871914609080e+00 9.557174044144129539e+02
4.011814543028685343e+00 6.010023756964633321e+02
4.011821214142761605e+00 1.806153662001533178e+02
4.011827885256837867e+00 8.159200582437244975e+02
4.011834556370914129e+00 9.321691833582476647e+02
4.011841227484989503e+00 4.375349800084114804e+02
4.011847898599065765e+00 3.677458907517651596e+02
4.011854569713142027e+00 9.151275857005077796e+02
4.011861240827218289e+00 8.665479695714083164e+02
4.011867911941293663e+00 2.551532790807446816e+02
4.011874583055369925e+00 5.511102079713029980e+02
4.011881254169446187e+00 9.757330093768720189e+02
4.011887925283522449e+00 7.609802840104894130e+02
4.011894596397597823e+00 9.284523771528243685e+01
4.011901267511674085e+00 7.159011871279371917e+02
4.011907938625750347e+00 9.941052894681706675e+02
4.011914609739826609e+00 6.195661676472848285e+02
4.011921280853901983e+00 1.926176395686499916e+02
4.011927951967978245e+00 8.530851736379448766e+02
4.011934623082054507e+00 9.684725254263821625e+02
4.011941294196130769e+00 4.485424177158889165e+02
4.011947965310206143e+00 3.887894820019361646e+02
4.011954636424282405e+00 9.554997077145241064e+02
4.011961307538358668e+00 8.990320087905683977e+02
4.011967978652434930e+00 2.578158570572227291e+02
4.011974649766511192e+00 5.797764056637897738e+02
4.011981320880586566e+00 1.017611964601481759e+03
4.011987991994662828e+00 7.880040847740191339e+02
4.011994663108739090e+00 9.033194422680077196e+01
4.012001334222815352e+00 7.510550575031440985e+02
4.012008005336890726e+00 1.035656320260219218e+03
4.012014676450966988e+00 6.396564186053969934e+02
4.012021347565043250e+00 2.058827546665543764e+02
4.012028018679119512e+00 8.933625838093178118e+02
4.012034689793194886e+00 1.007797674588664108e+03
4.012041360907271148e+00 4.604646845882996331e+02
4.012048032021347410e+00 4.116939629421869427e+02
4.012054703135423672e+00 9.992805381040290058e+02
4.012061374249499046e+00 9.342485874136693837e+02
4.012068045363575308e+00 2.606973113249179619e+02
4.012074716477651570e+00 6.109301150077118336e+02
4.012081387591727832e+00 1.063060571380317242e+03
4.012088058705803206e+00 8.173260569249339369e+02
4.012094729819879468e+00 8.799541465995257283e+01
4.012101400933955730e+00 7.892631419648286055e+02
4.012108072048031993e+00 1.080785563586256330e+03
4.012114743162108255e+00 6.614746818700043605e+02
4.012121414276183629e+00 2.205555013571774907e+02
4.012128085390259891e+00 9.371632982431883647e+02
4.012134756504336153e+00 1.050546053273621510e+03
4.012141427618412415e+00 4.734244331179875758e+02
4.012148098732487789e+00 4.367022053078071053e+02
4.012154769846564051e+00 1.046926120569117757e+03
4.012161440960640313e+00 9.725652405974778958e+02
4.012168112074716575e+00 2.638278782857121314e+02
4.012174783188791949e+00 6.449048596689842725e+02
4.012181454302868211e+00 1.112562525561572784e+03
4.012188125416944473e+00 8.492592666947404041e+02
4.012194796531020735e+00 8.595335299154312736e+01
4.012201467645096109e+00 8.309416860495376795e+02
4.012208138759172371e+00 1.129984065968835012e+03
4.012214809873248633e+00 6.852595214579058620e+02
4.012221480987324895e+00 2.368087085052768543e+02
4.012228152101400269e+00 9.849742864158563407e+02
4.012234823215476531e+00 1.097193469739952207e+03
4.012241494329552793e+00 4.875671344390740387e+02
4.012248165443629055e+00 4.641026824602031979e+02
4.012254836557705318e+00 1.098977814012026329e+03
4.012261507671780691e+00 1.014418459978000783e+03
4.012268178785856954e+00 2.672435228198947925e+02
4.012274849899933216e+00 6.820972488386443047e+02
4.012281521014009478e+00 1.166693143143750603e+03
4.012288192128084852e+00 8.841762615300200423e+02
4.012294863242161114e+00 8.436621527278232691e+01
4.012301534356237376e+00 8.765865813602620165e+02
4.012308205470313638e+00 1.183837069206437491e+03
4.012314876584389012e+00 7.112954129049466019e+02
4.012321547698465274e+00 2.548500594084332249e+02
4.012328218812541536e+00 1.037376863220316181e+03
4.012334889926617798e+00 1.148308182600982263e+03
4.012341561040693172e+00 5.030666391528142185e+02
4.012348232154769434e+00 4.942405979304884340e+02
4.012354903268845696e+00 1.156083213628053045e+03
4.012361574382921958e+00 1.060330658749941222e+03
4.012368245496997332e+00 2.709873558921177619e+02
4.012374916611073594e+00 7.229825946477153593e+02
4.012381587725149856e+00 1.226142125822386106e+03
4.012388258839226118e+00 9.225238989318542053e+02
4.012394929953302380e+00 8.344701334308028606e+01
4.012401601067377754e+00 9.267933525815971052e+02
4.012408272181454016e+00 1.243047730569121995e+03
4.012414943295530279e+00 7.399243453702902116e+02
4.012421614409606541e+00 2.749309334766694519e+02
4.012428285523681915e+00 1.095070687599804842e+03
4.012434956637758177e+00 1.204574498881725958e+03
4.012441627751834439e+00 5.201324487157305612e+02
4.012448298865910701e+00 5.275324496693745004e+02
4.012454969979986075e+00 1.219023546760538466e+03
4.012461641094062337e+00 1.110932406921303709e+03
4.012468312208138599e+00 2.751115008984387487e+02
4.012474983322214861e+00 7.681354157299465442e+02
4.012481654436290235e+00 1.291743470070535523e+03
4.012488325550366497e+00 9.648428457777077938e+02
4.012494996664442759e+00 8.346856175158569613e+01
4.012501667778519021e+00 9.822834824707266534e+02
4.012508338892594395e+00 1.308468391025598066e+03
4.012515010006670657e+00 7.715611274975042306e+02
4.012521681120746919e+00 2.973580418576210604e+02
4.012528352234823181e+00 1.158905480027779504e+03
4.012535023348898555e+00 1.266823988523237858e+03
4.012541694462974817e+00 5.390193425203849529e+02
4.012548365577051079e+00 5.644853256242743100e+02
4.012555036691127341e+00 1.288750007608477517e+03
4.012561707805203604e+00 1.166991945922621426e+03
4.012568378919278977e+00 2.796795736807243884e+02
4.012575050033355240e+00 8.182567015622313420e+02
4.012581721147431502e+00 1.364515278827600014e+03
4.012588392261507764e+00 1.011793556440010889e+03
4.012595063375583138e+00 8.476427101829388278e+01
4.012601734489659400e+00 1.043939549514529062e+03
4.012608405603735662e+00 1.381142350774625584e+03
4.012615076717811924e+00 8.067138558567062319e+02
4.012621747831887298e+00 3.225089755980853852e+02
4.012628418945963560e+00 1.229923518278038273e+03
4.012635090060039822e+00 1.336077347761055762e+03
4.012641761174116084e+00 5.600403010026238917e+02
4.012648432288191458e+00 6.057228365738779985e+02
4.012655103402267720e+00 1.366432629196491689e+03
4.012661774516343982e+00 1.229454928746604310e+03
4.012668445630420244e+00 2.847700265881352948e+02
4.012675116744495618e+00 8.742106967735977605e+02
4.012681787858571880e+00 1.445713524204235227e+03
4.012688458972648142e+00 1.064191391054406495e+03
4.012695130086724404e+00 8.771926609712021161e+01
4.012701801200800666e+00 1.112852825467820139e+03
4.012708472314876040e+00 1.462360515882826348e+03
4.012715143428952302e+00 8.460116995531039947e+02
4.012721814543028565e+00 3.508533103792211705e+02
4.012728485657104827e+00 1.309417443158096603e+03
4.012735156771180201e+00 1.413601403959503841e+03
4.012741827885256463e+00 5.835841237364295466e+02
4.012748498999332725e+00 6.520205019858018431e+02
4.012755170113408987e+00 1.453527048607493498e+03
4.012761841227484361e+00 1.299498766987836461e+03
4.012768512341560623e+00 2.904807338922590247e+02
4.012775183455636885e+00 9.370753176606033321e+02
4.012781854569713147e+00 1.536905819225486766e+03
4.012788525683788521e+00 1.123054856861899907e+03
4.012795196797864783e+00 9.275324726042688894e+01
4.012801867911941045e+00 1.190388808496082220e+03
4.012808539026017307e+00 1.553739481212876854e+03
4.012815210140092681e+00 8.902432425143870205e+02
4.012821881254168943e+00 3.829817533780732788e+02
4.012828552368245205e+00 1.399010217968843108e+03
4.012835223482321467e+00 1.500988061373782102e+03
4.012841894596397729e+00 6.101398560118479963e+02
4.012848565710473103e+00 7.043548756954327246e+02
4.012855236824549365e+00 1.551867302893804208e+03
4.012861907938625627e+00 1.378608261059951928e+03
4.012868579052701890e+00 2.969353814763244941e+02
4.012875250166777263e+00 1.008212485617853986e+03
4.012881921280853526e+00 1.640074460033019250e+03
4.012888592394929788e+00 1.189673076028820560e+03
4.012895263509006050e+00 1.003044879639430462e+02
4.012901934623081424e+00 1.278279108073767475e+03
4.012908605737157686e+00 1.657331151170143357e+03
4.012915276851233948e+00 9.404103823965700713e+02
4.012921947965310210e+00 4.196471625731143149e+02
4.012928619079385584e+00 1.500767825128143613e+03
4.012935290193461846e+00 1.600265716376299906e+03
4.012941961307538108e+00 6.403313118146384113e+02
4.012948632421614370e+00 7.639730637937705069e+02
4.012955303535689744e+00 1.663797322285957762e+03
4.012961974649766006e+00 1.468682914812661238e+03
4.012968645763842268e+00 3.042925589016540471e+02
4.012975316877918530e+00 1.089368203826631998e+03
4.012981987991994792e+00 1.757763248324591359e+03
4.012988659106070166e+00 1.265702054887610529e+03
4.012995330220146428e+00 1.108300360275190570e+02
4.013002001334222690e+00 1.378752929907175485e+03
4.013008672448298952e+00 1.775779831619400284e+03
4.013015343562374326e+00 9.978056851025929745e+02
4.013022014676450588e+00 4.618234983035937944e+02
4.013028685790526850e+00 1.617361480656006506e+03
4.013035356904603113e+00 1.714059867311040534e+03
4.013042028018678486e+00 6.749669114762062918e+02
4.013048699132754749e+00 8.324932415055093315e+02
4.013055370246831011e+00 1.792361350031185111e+03
4.013062041360907273e+00 1.572192582632403628e+03
4.013068712474982647e+00 3.127589718859690038e+02
4.013075383589058909e+00 1.182818161727167535e+03
4.013082054703135171e+00 1.893291448365130009e+03
4.013088725817211433e+00 1.353305195675307687e+03
4.013095396931286807e+00 1.248346603487987920e+02
4.013102068045363069e+00 1.494729611838943583e+03
4.013108739159439331e+00 1.912552642575907612e+03
4.013115410273515593e+00 1.064126027771225154e+03
4.013122081387591855e+00 5.107925821982152570e+02
4.013128752501667229e+00 1.752306756128526558e+03
4.013135423615743491e+00 1.845830275580368379e+03
4.013142094729819753e+00 7.151134048622473074e+02
4.013148765843896015e+00 9.120535948457337554e+02
4.013155436957971389e+00 1.941586586852964956e+03
4.013162108072047651e+00 1.692408908370409108e+03
4.013168779186123913e+00 3.226091437774281871e+02
4.013175450300200175e+00 1.291585018409145277e+03
4.013182121414275549e+00 2.051073647245481425e+03
4.013188792528351811e+00 1.455363745696029127e+03
4.013195463642428074e+00 1.429330395511179859e+02
4.013202134756504336e+00 1.630108062068058643e+03
4.013208805870579710e+00 2.072286544231320931e+03
4.013215476984655972e+00 1.141644087608595100e+03
4.013222148098732234e+00 5.682752679415974626e+02
4.013228819212808496e+00 1.910325800053092962e+03
4.013235490326883870e+00 2.000230916979485983e+03
4.013242161440960132e+00 7.622079846069505038e+02
4.013248832555036394e+00 1.005539273652868474e+03
4.013255503669112656e+00 2.116914745599627167e+03
4.013262174783188918e+00 1.833759413056464382e+03
4.013268845897264292e+00 3.342156394799878854e+02
4.013275517011340554e+00 1.419772203316432979e+03
4.013282188125416816e+00 2.237112172432487114e+03
4.013288859239493078e+00 1.575801459155283283e+03
4.013295530353568452e+00 1.659462919755822270e+02
4.013302201467644714e+00 1.790215198125057896e+03
4.013308872581720976e+00 2.261327174735703920e+03
4.013315543695797238e+00 1.233475199330411215e+03
4.013322214809872612e+00 6.366360260260939867e+02
4.013328885923948874e+00 2.097913526502320110e+03
4.013335557038025136e+00 2.183673899709968282e+03
4.013342228152101399e+00 8.182343314873173767e+02
4.013348899266176772e+00 1.116939591885488881e+03
4.013355570380253035e+00 2.325882853799273107e+03
4.013362241494329297e+00 2.002387413122962471e+03
4.013368912608405559e+00 3.480970068461031133e+02
4.013375583722480933e+00 1.573094297124458308e+03
4.013382254836557195e+00 2.459781402613042701e+03
4.013388925950633457e+00 1.720102991632763633e+03
4.013395597064709719e+00 1.950422161318041958e+02
4.013402268178785981e+00 1.982525571741567546e+03
4.013408939292861355e+00 2.488595741272582927e+03
4.013415610406937617e+00 1.344007789427400894e+03
4.013422281521013879e+00 7.192138010174475085e+02
4.013428952635090141e+00 2.324255649928355069e+03
4.013435623749165515e+00 2.405246253462286859e+03
4.013442294863241777e+00 8.860095949432628686e+02
4.013448965977318039e+00 1.251931895695936191e+03
4.013455637091394301e+00 2.579239142471783907e+03
4.013462308205469675e+00 2.207072324651083818e+03
4.013468979319545937e+00 3.649968509626542641e+02
4.013475650433622199e+00 1.759753739739817320e+03
4.013482321547698461e+00 2.731127966774633478e+03
4.013488992661773835e+00 1.896175779897760549e+03
4.013495663775850097e+00 2.319497923416664946e+02
4.013502334889926360e+00 2.217864942211050220e+03
4.013509006004002622e+00 2.767043287363829677e+03
4.013515677118077996e+00 1.479627668642392564e+03
4.013522348232154258e+00 8.208804833533713463e+02
4.013529019346230520e+00 2.602783122796472526e+03
4.013535690460306782e+00 2.678267190748360463e+03
4.013542361574383044e+00 9.696734270386917842e+02
4.013549032688458418e+00 1.418879758559326547e+03
4.013555703802534680e+00 2.892857086716913273e+03
4.013562374916610942e+00 2.460813503389399557e+03
4.013569046030687204e+00 3.860204615829250656e+02
4.013575717144762578e+00 1.991959932960622154e+03
4.013582388258838840e+00 3.069131460113217599e+03
4.013589059372915102e+00 2.115853903973119486e+03
4.013595730486991364e+00 2.793179836053167264e+02
4.013602401601066738e+00 2.512525434857973778e+03
4.013609072715143000e+00 3.116215767252866499e+03
4.013615743829219262e+00 1.650000294563770012e+03
4.013622414943295524e+00 9.490333435427730819e+02
4.013629086057370898e+00 2.953944912754001962e+03
4.013635757171447160e+00 3.023076643839754979e+03
4.013642428285523422e+00 1.075567112131968770e+03
4.013649099399599685e+00 1.630634536446192442e+03
4.013655770513675058e+00 3.291203779564508295e+03
4.013662441627751321e+00 2.783711980430582571e+03
4.013669112741827583e+00 4.128845685548037636e+02
4.013675783855903845e+00 2.288716282091820631e+03
4.013682454969980107e+00 3.501869757378685335e+03
4.013689126084055481e+00 2.397680887630403049e+03
4.013695797198131743e+00 3.413713153154482143e+02
4.013702468312208005e+00 2.892214154790059638e+03
4.013709139426284267e+00 3.567064193281909866e+03
4.013715810540359641e+00 1.870486353247357783e+03
4.013722481654435903e+00 1.115473327949104714e+03
4.013729152768512165e+00 3.410480576885267510e+03
4.013735823882588427e+00 3.472363244023606057e+03
4.013742494996663801e+00 1.213921479343579222e+03
4.013749166110740063e+00 1.908011432919909794e+03
4.013755837224816325e+00 3.814065740141900733e+03
4.013762508338892587e+00 3.208587212566511880e+03
4.013769179452967961e+00 4.484068863257526800e+02
4.013775850567044223e+00 2.681309367209938955e+03
4.013782521681120485e+00 4.075766718448708616e+03
4.013789192795196747e+00 2.772449927025048510e+03
4.013795863909272121e+00 4.252164388693943806e+02
4.013802535023348383e+00 3.400002509758154702e+03
4.013809206137424646e+00 4.171683884625927021e+03
4.013815877251500908e+00 2.167061162873417288e+03
4.013822548365577170e+00 1.340252978364063893e+03
4.013829219479652544e+00 4.028286875078539197e+03
4.013835890593728806e+00 4.082212560367360766e+03
4.013842561707805068e+00 1.402378886849334549e+03
4.013849232821881330e+00 2.287088782005993835e+03
4.013855903935956704e+00 4.530763737879206928e+03
4.013862575050032966e+00 3.792926289469673520e+03
4.013869246164109228e+00 4.975549954232402570e+02
4.013875917278185490e+00 3.225145770758931121e+03
4.013882588392260864e+00 4.873501643645451622e+03
4.013889259506337126e+00 3.295319796609504465e+03
4.013895930620413388e+00 5.437183570090434159e+02
4.013902601734489650e+00 4.113966147716827436e+03
4.013909272848565024e+00 5.025089354555691898e+03
4.013915943962641286e+00 2.587398061560327733e+03
4.013922615076717548e+00 1.660413850053828583e+03
4.013929286190793810e+00 4.911290150563391762e+03
4.013935957304869184e+00 4.957602081244983310e+03
4.013942628418945446e+00 1.674188482369830808e+03
4.013949299533021708e+00 2.836337560622967430e+03
4.013955970647097971e+00 5.573802098411329098e+03
4.013962641761174233e+00 4.647422072944722458e+03
4.013969312875249607e+00 5.699749444993843781e+02
4.013975983989325869e+00 4.028544929613024578e+03
4.013982655103402131e+00 6.057988620977100254e+03
4.013989326217478393e+00 4.075857202854410843e+03
4.013995997331553767e+00 7.227043346068060146e+02
4.014002668445630029e+00 5.191811910005346363e+03
4.014009339559706291e+00 6.320878277948912000e+03
4.014016010673782553e+00 3.229504812398140530e+03
4.014022681787857927e+00 2.152809487192748293e+03
4.014029352901934189e+00 6.277146593204304736e+03
4.014036024016010451e+00 6.320523558577435324e+03
4.014042695130086713e+00 2.100363236427110678e+03
4.014049366244162087e+00 3.703496495562643759e+03
4.014056037358238349e+00 7.232100002641202991e+03
4.014062708472314611e+00 6.016057243589092650e+03
4.014069379586390873e+00 6.871821276263032132e+02
4.014076050700466247e+00 5.335712665712793751e+03
4.014082721814542509e+00 8.000880853912750354e+03
4.014089392928618771e+00 5.367078191595414864e+03
4.014096064042695033e+00 1.022633764730742655e+03
4.014102735156771296e+00 7.007145301344511608e+03
4.014109406270846669e+00 8.523869156108399693e+03
4.014116077384922932e+00 4.331975997001309224e+03
4.014122748498999194e+00 3.007238616245473168e+03
4.014129419613075456e+00 8.671406258514749425e+03
4.014136090727150830e+00 8.736006886371471410e+03
4.014142761841227092e+00 2.864552706648744334e+03
4.014149432955303354e+00 5.277000017953375391e+03
4.014156104069379616e+00 1.027841955572369625e+04
4.014162775183454990e+00 8.563135360927057263e+03
4.014169446297531252e+00 9.088871800140037749e+02
4.014176117411607514e+00 7.837191351879023387e+03
4.014182788525683776e+00 1.177444579442792019e+04
4.014189459639759150e+00 7.914438597547161407e+03
4.014196130753835412e+00 1.625657074091029472e+03
4.014202801867911674e+00 1.071115921580832764e+04
4.014209472981987936e+00 1.310107424265467307e+04
4.014216144096063310e+00 6.667014710368505803e+03
4.014222815210139572e+00 4.854416966912055614e+03
4.014229486324215834e+00 1.395800668365506135e+04
4.014236157438292096e+00 1.419184943750426282e+04
4.014242828552368358e+00 4.633102849464365136e+03
4.014249499666443732e+00 9.012995029521081960e+03
4.014256170780519994e+00 1.771164091527998244e+04
4.014262841894596257e+00 1.496315190594093838e+04
4.014269513008672519e+00 1.485172825937148218e+03
4.014276184122747893e+00 1.454753092845863284e+04
4.014282855236824155e+00 2.227409107939083697e+04
4.014289526350900417e+00 1.528922004100898448e+04
4.014296197464976679e+00 3.451093518009993659e+03
4.014302868579052053e+00 2.245007545192990074e+04
4.014309539693128315e+00 2.838108153564753229e+04
4.014316210807204577e+00 1.492396489706722241e+04
4.014322881921280839e+00 1.181996395619779469e+04
4.014329553035356213e+00 3.538016114894433122e+04
4.014336224149432475e+00 3.818592675610197330e+04
4.014342895263508737e+00 1.317972861525490043e+04
4.014349566377584999e+00 2.916317846567180459e+04
4.014356237491660373e+00 6.340415415052563185e+04
4.014362908605736635e+00 6.112746645720707602e+04
4.014369579719812897e+00 6.586524358643688174e+03
4.014376250833889159e+00 9.243774230136939150e+04
4.014382921947965421e+00 2.050703132481322100e+05
4.014389593062040795e+00 2.898310048969626660e+05
4.014396264176117057e+00 3.134032690335292136e+05
4.014402935290193319e+00 2.663002615604277817e+05
4.014409606404269582e+00 1.673858695241978858e+05
4.014416277518344955e+00 5.491097830402600812e+04
4.014422948632421217e+00 3.130441641205948690e+04
4.014429619746497480e+00 6.745440550239595177e+04
4.014436290860573742e+00 5.444530580119149818e+04
4.014442961974649116e+00 1.402443282986829763e+04
4.014449633088725378e+00 2.465959462165087098e+04
4.014456304202801640e+00 4.035448423574065964e+04
4.014462975316877902e+00 2.885868077258272388e+04
4.014469646430953276e+00 2.014947543069268249e+03
4.014476317545029538e+00 2.164620748352808005e+04
4.014482988659105800e+00 2.846306649268831097e+04
4.014489659773182062e+00 1.679285345167821652e+04
4.014496330887257436e+00 3.731976358124899434e+03
4.014503002001333698e+00 1.939894375883815883e+04
4.014509673115409960e+00 2.113962934366808622e+04
4.014516344229486222e+00 9.455282868528453037e+03
4.014523015343562484e+00 6.948548418186865092e+03
4.014529686457637858e+00 1.735103951265977230e+04
4.014536357571714120e+00 1.581998066100476171e+04
4.014543028685790382e+00 4.419883063933368248e+03
4.014549699799866644e+00 8.799494118160064318e+03
4.014556370913942018e+00 1.533657602824967762e+04
4.014563042028018280e+00 1.159840476030351783e+04
4.014569713142094542e+00 7.593649768342777406e+02
4.014576384256170805e+00 9.771954638304227046e+03
4.014583055370246178e+00 1.330847211340770082e+04
4.014589726484322441e+00 8.088739475034788484e+03
4.014596397598398703e+00 1.967973096926252083e+03
4.014603068712474965e+00 1.011602977642792575e+04
4.014609739826550339e+00 1.126589358349203212e+04
4.014616410940626601e+00 5.108599684100036029e+03
4.014623082054702863e+00 3.975124713622778472e+03
4.014629753168779125e+00 9.982988732482250271e+03
4.014636424282854499e+00 9.228923703954718803e+03
4.014643095396930761e+00 2.566933414912905846e+03
4.014649766511007023e+00 5.404012904441741739e+03
4.014656437625083285e+00 9.478251220710964844e+03
4.014663108739159547e+00 7.227545551802140835e+03
4.014669779853234921e+00 4.210094269954788047e+02
4.014676450967311183e+00 6.344494647060183524e+03
4.014683122081387445e+00 8.684276388195137770e+03
4.014689793195463707e+00 5.295894382784098525e+03
4.014696464309539081e+00 1.375862506095128538e+03
4.014703135423615343e+00 6.864336951662855427e+03
4.014709806537691605e+00 7.671151630913789631e+03
4.014716477651767867e+00 3.468793367251204018e+03
4.014723148765843241e+00 2.815850628249721467e+03
4.014729819879919503e+00 7.020271911673533396e+03
4.014736490993995766e+00 6.501576804294672911e+03
4.014743162108072028e+00 1.779596364067739387e+03
4.014749833222147402e+00 3.924195559468088504e+03
4.014756504336223664e+00 6.863863976608407029e+03
4.014763175450299926e+00 5.233084058091579209e+03
4.014769846564376188e+00 2.659645818155175334e+02
4.014776517678451562e+00 4.715355455375190104e+03
4.014783188792527824e+00 6.444490071389098375e+03
4.014789859906604086e+00 3.918827582685471043e+03
4.014796531020680348e+00 1.079188116732160324e+03
4.014803202134756610e+00 5.207105505767285649e+03
4.014809873248831984e+00 5.810673105832148394e+03
4.014816544362908246e+00 2.607648902039311906e+03
4.014823215476984508e+00 2.198556378318759016e+03
4.014829886591060770e+00 5.421086223487858661e+03
4.014836557705136144e+00 5.010438456576171120e+03
4.014843228819212406e+00 1.344011822573688505e+03
4.014849899933288668e+00 3.095513521501651212e+03
4.014856571047364930e+00 5.383060305230368613e+03
4.014863242161440304e+00 4.091081297308805006e+03
4.014869913275516566e+00 1.794918268269047701e+02
4.014876584389592828e+00 3.763259661566671639e+03
4.014883255503669091e+00 5.122725266495141113e+03
4.014889926617744464e+00 3.098591585954834954e+03
4.014896597731820727e+00 9.010608623692089623e+02
4.014903268845896989e+00 4.202374537750091804e+03
4.014909939959973251e+00 4.673186054814758791e+03
4.014916611074048625e+00 2.076931461480414782e+03
4.014923282188124887e+00 1.815179514832022278e+03
4.014929953302201149e+00 4.420088477239482927e+03
4.014936624416277411e+00 4.070182017412051664e+03
4.014943295530353673e+00 1.067564882342001511e+03
4.014949966644429047e+00 2.565665818628282977e+03
4.014956637758505309e+00 4.429802859476506455e+03
4.014963308872581571e+00 3.351148404627893342e+03
4.014969979986657833e+00 1.273673962524007948e+02
4.014976651100733207e+00 3.138699523662548472e+03
4.014983322214809469e+00 4.250454409144123929e+03
4.014989993328885731e+00 2.554188160185734432e+03
4.014996664442961993e+00 7.822968993873724912e+02
4.015003335557037367e+00 3.528085104081322243e+03
4.015010006671113629e+00 3.905713473514668749e+03
4.015016677785189891e+00 1.717056502111023519e+03
4.015023348899266153e+00 1.553934734599794183e+03
4.015030020013341527e+00 3.734436929001162298e+03
4.015036691127417789e+00 3.423044253288618165e+03
4.015043362241494052e+00 8.765744775051531406e+02
4.015050033355570314e+00 2.197668388932394009e+03
4.015056704469645688e+00 3.764712907685807750e+03
4.015063375583721950e+00 2.832666029797428564e+03
4.015070046697798212e+00 9.633720763041114310e+01
4.015076717811874474e+00 2.697414221052294579e+03
4.015083388925950736e+00 3.631623806248607707e+03
4.015090060040026110e+00 2.166465914535152024e+03
4.015096731154102372e+00 6.974792622037234651e+02
4.015103402268178634e+00 3.044180626252249567e+03
4.015110073382254896e+00 3.352891868488166892e+03
4.015116744496330270e+00 1.456956799471376371e+03
4.015123415610406532e+00 1.364473451415868567e+03
4.015130086724482794e+00 3.235326426295269357e+03
4.015136757838559056e+00 2.950377939084273294e+03
4.015143428952634430e+00 7.367724320191186962e+02
4.015150100066710692e+00 1.927161727289841792e+03
4.015156771180786954e+00 3.274210824695283463e+03
4.015163442294863216e+00 2.449110342594378380e+03
4.015170113408938590e+00 8.019627303333361112e+01
4.015176784523014852e+00 2.369014368050158737e+03
4.015183455637091114e+00 3.169723063817395087e+03
4.015190126751167377e+00 1.876263154366103890e+03
4.015196797865242750e+00 6.338833222142150134e+02
4.015203468979319013e+00 2.679955577828033711e+03
4.015210140093395275e+00 2.935658508517210976e+03
4.015216811207471537e+00 1.260183824653016245e+03
4.015223482321547799e+00 1.220775913642020441e+03
4.015230153435623173e+00 2.855693402328719912e+03
4.015236824549699435e+00 2.589957552998723713e+03
4.015243495663775697e+00 6.300597763746274040e+02
4.015250166777851959e+00 1.719914512984701787e+03
4.015256837891927333e+00 2.897474427890057996e+03
4.015263509006003595e+00 2.153838862133620751e+03
4.015270180120079857e+00 7.464127195652801561e+01
4.015276851234156119e+00 2.115064207138390884e+03
4.015283522348231493e+00 2.811724119635308398e+03
4.015290193462307755e+00 1.650874588534918985e+03
4.015296864576384017e+00 5.844341471785481872e+02
4.015303535690460279e+00 2.395858707311654598e+03
4.015310206804535653e+00 2.609533290085171302e+03
4.015316877918611915e+00 1.106116659551813882e+03
4.015323549032688177e+00 1.108040324976640477e+03
4.015330220146764439e+00 2.557180596805143068e+03
4.015336891260839813e+00 2.306004282686279112e+03
4.015343562374916075e+00 5.459771853948681155e+02
4.015350233488992338e+00 1.556041080067506073e+03
4.015356904603068600e+00 2.598993911331629079e+03
4.015363575717144862e+00 1.919486601511291383e+03
4.015370246831220236e+00 7.561818312720433255e+01
4.015376917945296498e+00 1.912797778374303562e+03
4.015383589059372760e+00 2.526071846334790280e+03
4.015390260173449022e+00 1.470749697407301937e+03
4.015396931287524396e+00 5.448846589575720145e+02
4.015403602401600658e+00 2.168036657677325820e+03
4.015410273515676920e+00 2.347574220545101980e+03
4.015416944629753182e+00 9.822120820368000977e+02
4.015423615743828556e+00 1.017225627748866941e+03
4.015430286857904818e+00 2.316262297022619805e+03
4.015436957971981080e+00 2.076485260023403953e+03
4.015443629086057342e+00 4.780596501918285526e+02
4.015450300200132716e+00 1.423199170571379227e+03
4.015456971314208978e+00 2.356644941952266436e+03
4.015463642428285240e+00 1.728939445014802004e+03
4.015470313542361502e+00 7.987442044833625232e+01
4.015476984656436876e+00 1.747872073665189873e+03
4.015483655770513138e+00 2.292814277385748937e+03
4.015490326884589400e+00 1.323483134342942549e+03
4.015496997998665663e+00 5.125314203313608914e+02
4.015503669112741925e+00 1.981248881936234056e+03
4.015510340226817299e+00 2.132509122171823037e+03
4.015517011340893561e+00 8.804021497685009763e+02
4.015523682454969823e+00 9.424975415014173450e+02
4.015530353569046085e+00 2.117707618795591770e+03
4.015537024683121459e+00 1.887090693973052794e+03
4.015543695797197721e+00 4.220967151019594326e+02
4.015550366911273983e+00 1.313322911241169550e+03
4.015557038025350245e+00 2.155924754392854538e+03
4.015563709139425619e+00 1.570945228785518339e+03
4.015570380253501881e+00 8.542805018512918025e+01
4.015577051367578143e+00 1.610801450423970664e+03
4.015583722481654405e+00 2.098718352016624976e+03
4.015590393595729779e+00 1.200823811731261685e+03
4.015597064709806041e+00 4.855719382270715982e+02
4.015603735823882303e+00 1.825302184383008353e+03
4.015610406937958565e+00 1.952754578552396879e+03
4.015617078052033939e+00 7.952618000245047369e+02
4.015623749166110201e+00 8.799226585479719915e+02
4.015630420280186463e+00 1.951220859524941034e+03
4.015637091394262725e+00 1.728122602212636366e+03
4.015643762508338988e+00 3.752292915298859839e+02
4.015650433622414361e+00 1.220918363806089701e+03
4.015657104736490624e+00 1.986930467583772725e+03
4.015663775850566886e+00 1.437801905238320842e+03
4.015670446964643148e+00 9.127610439325066238e+01
4.015677118078718522e+00 1.495061918678127313e+03
4.015683789192794784e+00 1.934661265504138782e+03
4.015690460306871046e+00 1.097070297042058201e+03
4.015697131420947308e+00 4.627583598922324200e+02
4.015703802535022682e+00 1.693121028369091619e+03
4.015710473649098944e+00 1.800252051387205483e+03
4.015717144763175206e+00 7.230086374484116050e+02
4.015723815877251468e+00 8.267526414767165761e+02
4.015730486991326842e+00 1.809592394372956505e+03
4.015737158105403104e+00 1.592775458309141413e+03
4.015743829219479366e+00 3.354485751335982968e+02
4.015750500333555628e+00 1.142114103816803436e+03
4.015757171447631002e+00 1.842669374816752679e+03
4.015763842561707264e+00 1.324059809122217303e+03
4.015770513675783526e+00 9.696305459477567013e+01
4.015777184789859788e+00 1.396018968035542457e+03
4.015783855903936050e+00 1.794149629318318603e+03
4.015790527018011424e+00 1.008156618831874880e+03
4.015797198132087686e+00 4.431994762701067998e+02
4.015803869246163949e+00 1.579640265081085772e+03
4.015810540360240211e+00 1.669221881816487212e+03
4.015817211474315584e+00 6.609250085520656057e+02
4.015823882588391847e+00 7.810092169332598360e+02
4.015830553702468109e+00 1.687622997197748418e+03
4.015837224816544371e+00 1.476132665091752642e+03
4.015843895930619745e+00 3.013026495610645270e+02
4.015850567044696007e+00 1.074103452280129659e+03
4.015857238158772269e+00 1.718063090014500176e+03
4.015863909272848531e+00 1.225754399254935834e+03
4.015870580386923905e+00 1.023025803928078972e+02
4.015877251501000167e+00 1.310289721878577666e+03
4.015883922615076429e+00 1.672435819598385024e+03
4.015890593729152691e+00 9.311050997501657776e+02
4.015897264843228065e+00 4.262418769368808285e+02
4.015903935957304327e+00 1.481138475183520995e+03
4.015910607071380589e+00 1.555410926780086811e+03
4.015917278185456851e+00 6.070080299005479674e+02
4.015923949299533113e+00 7.412321524854938843e+02
4.015930620413608487e+00 1.581468764743188331e+03
4.015937291527684749e+00 1.374553722635079566e+03
4.015943962641761011e+00 2.717168622132870723e+02
4.015950633755837273e+00 1.014801997087267750e+03
4.015957304869912647e+00 1.609334433686834473e+03
4.015963975983988909e+00 1.139932630390266013e+03
4.015970647098065172e+00 1.072345239280307680e+02
4.015977318212141434e+00 1.235347137502454189e+03
4.015983989326216808e+00 1.565968238078941795e+03
4.015990660440293070e+00 8.636850903776798987e+02
4.015997331554369332e+00 4.113956476933928457e+02
4.016004002668445594e+00 1.394820094127798711e+03
4.016010673782520968e+00 1.455619800877572970e+03
4.016017344896597230e+00 5.597491488594391740e+02
4.016024016010673492e+00 7.063201265188121170e+02
4.016030687124749754e+00 1.488226512693648374e+03
4.016037358238825128e+00 1.285285445650789597e+03
4.016044029352901390e+00 2.458796384486921909e+02
4.016050700466977652e+00 9.626293136429770811e+02
4.016057371581053914e+00 1.513615773439541499e+03
4.016064042695130176e+00 1.064349712357055523e+03
4.016070713809205550e+00 1.117561596003714186e+02
4.016077384923281812e+00 1.169265464898104028e+03
4.016084056037358074e+00 1.472036999712673150e+03
4.016090727151434336e+00 8.041925389967367437e+02
4.016097398265509710e+00 3.982862814449367193e+02
4.016104069379585972e+00 1.318544346179680360e+03
4.016110740493662234e+00 1.367395564976767218e+03
4.016117411607738497e+00 5.179905484192962604e+02
4.016124082721813870e+00 6.754268595880093926e+02
4.016130753835890133e+00 1.405662593160712959e+03
4.016137424949966395e+00 1.206207155876642901e+03
4.016144096064042657e+00 2.231675289726410654e+02
4.016150767178118031e+00 9.163653347814901053e+02
4.016157438292194293e+00 1.428690797790448187e+03
4.016164109406270555e+00 9.972687921729816480e+02
4.016170780520346817e+00 1.158896201139918389e+02
4.016177451634422191e+00 1.110551453333101108e+03
4.016184122748498453e+00 1.388538529554004299e+03
4.016190793862574715e+00 7.513032675792792361e+02
4.016197464976650977e+00 3.866226152477586879e+02
4.016204136090727239e+00 1.250644144716806068e+03
4.016210807204802613e+00 1.288826035130889522e+03
4.016217478318878875e+00 4.808288643358897048e+02
4.016224149432955137e+00 6.478913419507470053e+02
4.016230820547031399e+00 1.332030407782697466e+03
4.016237491661106773e+00 1.135658912730317979e+03
4.016244162775183035e+00 2.030946290050437995e+02
4.016250833889259297e+00 8.750531895059829139e+02
4.016257505003335559e+00 1.352819537576978291e+03
4.016264176117410933e+00 9.373249818815710341e+02
4.016270847231487195e+00 1.196664629927568484e+02
4.016277518345563458e+00 1.058029393259040717e+03
4.016284189459639720e+00 1.313814977194993162e+03
4.016290860573715094e+00 7.039727143400122031e+02
4.016297531687791356e+00 3.761748876432417319e+02
4.016304202801867618e+00 1.189801946794595324e+03
4.016310873915943880e+00 1.218398554047096923e+03
4.016317545030019254e+00 4.475489723414804644e+02
4.016324216144095516e+00 6.231897758318062870e+02
4.016330887258171778e+00 1.265944520751292885e+03
4.016337558372248040e+00 1.072322836127714709e+03
4.016344229486324302e+00 1.852776043434733424e+02
4.016350900600399676e+00 8.379318698431479788e+02
4.016357571714475938e+00 1.284616920823351620e+03
4.016364242828552200e+00 8.834308475008432424e+02
4.016370913942628462e+00 1.231204103615575889e+02
4.016377585056703836e+00 1.010760974831155977e+03
4.016384256170780098e+00 1.246542102468088160e+03
4.016390927284856360e+00 6.613658380888997499e+02
4.016397598398932622e+00 3.667593816806553946e+02
4.016404269513007996e+00 1.134962707063227072e+03
4.016410940627084258e+00 1.154900828111378132e+03
4.016417611741160520e+00 4.175774333002205481e+02
4.016424282855236783e+00 6.009017403527170700e+02
4.016430953969312156e+00 1.206291898268980049e+03
4.016437625083388419e+00 1.015139315700342536e+03
4.016444296197464681e+00 1.694109838968357167e+02
4.016450967311540943e+00 8.043885623798414599e+02
4.016457638425616317e+00 1.222966680424533934e+03
4.016464309539692579e+00 8.347093205210685483e+02
4.016470980653768841e+00 1.262840338856549636e+02
4.016477651767845103e+00 9.679882516751496269e+02
4.016484322881921365e+00 1.185649380497819038e+03
4.016490993995996739e+00 6.228071027471141861e+02
4.016497665110073001e+00 3.582274519598023517e+02
4.016504336224149263e+00 1.085271609455521684e+03
4.016511007338225525e+00 1.097349901186837769e+03
4.016517678452300899e+00 3.904491083565887948e+02
4.016524349566377161e+00 5.806858946526426735e+02
4.016531020680453423e+00 1.152168098331052306e+03
4.016537691794529685e+00 9.632466994306104198e+02
4.016544362908605059e+00 1.552493555203550670e+02
4.016551034022681321e+00 7.739242541935756208e+02
4.016557705136757583e+00 1.166959163606812126e+03
4.016564376250833845e+00 7.904451776907577596e+02
4.016571047364909219e+00 1.291873652453258785e+02
4.016577718478985481e+00 9.290922937770720864e+02
4.016584389593061744e+00 1.130262018107825043e+03
4.016591060707138006e+00 5.877441361324827085e+02
4.016597731821213380e+00 3.504575482274033220e+02
4.016604402935289642e+00 1.040028721059067948e+03
4.016611074049365904e+00 1.044940373830424051e+03
4.016617745163442166e+00 3.657827923848818159e+02
4.016624416277518428e+00 5.622622272505370802e+02
4.016631087391593802e+00 1.102830594569789582e+03
4.016637758505670064e+00 9.159371295542612188e+02
4.016644429619746326e+00 1.425942931668319602e+02
4.016651100733822588e+00 7.461284933508818540e+02
4.016657771847897962e+00 1.115845643812422850e+03
4.016664442961974224e+00 7.500493587233136168e+02
4.016671114076050486e+00 1.318574420377504453e+02
4.016677785190126748e+00 8.935627165098422893e+02
4.016684456304202122e+00 1.079658176412978037e+03
4.016691127418278384e+00 5.557208930824382378e+02
4.016697798532354646e+00 3.433493176562577673e+02
4.016704469646430908e+00 9.986554358732967103e+02
4.016711140760506282e+00 9.970060451193810422e+02
4.016717811874582544e+00 3.432631494442196640e+02
4.016724482988658806e+00 5.453988794769494461e+02
4.016731154102735069e+00 1.057664097198835861e+03
4.016737825216810442e+00 8.726236964254475197e+02
4.016744496330886705e+00 1.312845695102136290e+02
4.016751167444962967e+00 7.206605804182776183e+02
4.016757838559039229e+00 1.069004242585678185e+03
4.016764509673115491e+00 7.130323249786308679e+02
4.016771180787190865e+00 1.343183013097179526e+02
4.016777851901267127e+00 8.609748870609805635e+02
4.016784523015343389e+00 1.033236942812007555e+03
4.016791194129419651e+00 5.263575419632879857e+02
4.016797865243495025e+00 3.368191832499163638e+02
4.016804536357571287e+00 9.606692794701832554e+02
4.016811207471647549e+00 9.529910869670071634e+02
4.016817878585723811e+00 3.226271234026903016e+02
4.016824549699799185e+00 5.299022265301165362e+02
4.016831220813875447e+00 1.016154420321801695e+03
4.016837891927951709e+00 8.328156658902455547e+02
4.016844563042027971e+00 1.211886638025283816e+02
4.016851234156103345e+00 6.972353585788711143e+02
4.016857905270179607e+00 1.025914159322060414e+03
4.016864576384255869e+00 6.789838963249727612e+02
4.016871247498332131e+00 1.365911745518442331e+02
4.016877918612407505e+00 8.309726434573983624e+02
4.016884589726483767e+00 9.904940271747666429e+02
4.016891260840560030e+00 4.993351911620524106e+02
4.016897931954636292e+00 3.307969842094254318e+02
4.016904603068712554e+00 9.256647429645604461e+02
4.016911274182787928e+00 9.124280967677061653e+02
4.016917945296864190e+00 3.036535871022745141e+02
4.016924616410940452e+00 5.156093124928137286e+02
4.016931287525016714e+00 9.778685362350140622e+02
4.016937958639092088e+00 7.960995559310276803e+02
4.016944629753168350e+00 1.121988725686714616e+02
4.016951300867244612e+00 6.756123412053915445e+02
4.016957971981320874e+00 9.861359382204091162e+02
4.016964643095396248e+00 6.475577986755066604e+02
4.016971314209472510e+00 1.386947595910882001e+02
4.016977985323548772e+00 8.032550305146392020e+02
4.016984656437625034e+00 9.510030929506923485e+02
4.016991327551700408e+00 4.743841455060261865e+02
4.016997998665776670e+00 3.252233911894250582e+02
4.017004669779852932e+00 8.932985253370903820e+02
4.017011340893929194e+00 8.749211864541772457e+02
4.017018012008004568e+00 2.861553594171795680e+02
4.017024683122080830e+00 5.023820127315782429e+02
4.017031354236157092e+00 9.424391720812180893e+02
4.017038025350233355e+00 7.621245115218763431e+02
4.017044696464309617e+00 1.042265203517694232e+02
4.017051367578384991e+00 6.555872962275376494e+02
4.017058038692461253e+00 9.492961843714059569e+02
4.017064709806537515e+00 6.184596870553002645e+02
4.017071380920613777e+00 1.406455103499830273e+02
4.017078052034689151e+00 7.775660036708429743e+02
4.017084723148765413e+00 9.144012559037620349e+02
4.017091394262841675e+00 4.512747798209284724e+02
4.017098065376917937e+00 3.200478973735558270e+02
4.017104736490993311e+00 8.632780470302824369e+02
4.017111407605069573e+00 8.401328099721472427e+02
4.017118078719145835e+00 2.699729861921624661e+02
4.017124749833222097e+00 4.901024813754855813e+02
4.017131420947297471e+00 9.095527864659832176e+02
4.017138092061373733e+00 7.305908819721473719e+02
4.017144763175449995e+00 9.719790869139877998e+01
4.017151434289526257e+00 6.369856653936843713e+02
4.017158105403601631e+00 9.150756011025642920e+02
4.017164776517677893e+00 5.914377655721194742e+02
4.017171447631754155e+00 1.424579135747987948e+02
4.017178118745830417e+00 7.536863548883223984e+02
4.017184789859906680e+00 8.803777036619695764e+02
4.017191460973982053e+00 4.298103712810841444e+02
4.017198132088058316e+00 3.152272393901802729e+02
4.017204803202134578e+00 8.353524171477107529e+02
4.017211474316210840e+00 8.077733983009076155e+02
4.017218145430286214e+00 2.549698444632437315e+02
4.017224816544362476e+00 4.786695631881867712e+02
4.017231487658438738e+00 8.789400910961923046e+02
4.017238158772515000e+00 7.012412089768387204e+02
4.017244829886590374e+00 9.105074487627199176e+01
4.017251501000666636e+00 6.196573649492828508e+02
4.017258172114742898e+00 8.831995359092304625e+02
4.017264843228819160e+00 5.662753688928958127e+02
4.017271514342894534e+00 1.441447419826157841e+02
4.017278185456970796e+00 7.314273192860817971e+02
4.017284856571047058e+00 8.486646800055918902e+02
4.017291527685123320e+00 4.098214174433358039e+02
4.017298198799198694e+00 3.107241463972013094e+02
4.017304869913274956e+00 8.093052649219458772e+02
4.017311541027351218e+00 7.775931291664508080e+02
4.017318212141427480e+00 2.410282535976535598e+02
4.017324883255503742e+00 4.679959430047684350e+02
4.017331554369579116e+00 8.503685104262591494e+02
4.017338225483655378e+00 6.738530546373863217e+02
4.017344896597731640e+00 8.573089176443195925e+01
4.017351567711807903e+00 6.034726436643283023e+02
4.017358238825883276e+00 8.534304420997206080e+02
4.017364909939959539e+00 5.427850444708410578e+02
4.017371581054035801e+00 1.457172786485849088e+02
4.017378252168112063e+00 7.106254691339295277e+02
4.017384923282187437e+00 8.190302793734404077e+02
4.017391594396263699e+00 3.911610936616040703e+02
4.017398265510339961e+00 3.065063385599210051e+02
4.017404936624416223e+00 7.849490012195104782e+02
4.017411607738491597e+00 7.493753338695325965e+02
4.017418278852567859e+00 2.280463611791781773e+02
4.017424949966644121e+00 4.580058580935431678e+02
4.017431621080720383e+00 8.236361323245567974e+02
4.017438292194795757e+00 6.482332433805254368e+02
4.017444963308872019e+00 8.118937736268857464e+01
4.017451634422948281e+00 5.883187535892369624e+02
4.017458305537024543e+00 8.255618178736727941e+02
4.017464976651099917e+00 5.208037914959544423e+02
4.017471647765176179e+00 1.471855123089533208e+02
4.017478318879252441e+00 6.911386016378561408e+02
4.017484989993328703e+00 7.912726417606930909e+02
4.017491661107404965e+00 3.737015905811180119e+02
4.017498332221480339e+00 3.025457201194633967e+02
4.017505003335556601e+00 7.621201876688814991e+02
4.017511674449632864e+00 7.229311751617822210e+02
4.017518345563709126e+00 2.159356282914002918e+02
4.017525016677784500e+00 4.486332509440404692e+02
4.017531687791860762e+00 7.985668165726981442e+02
4.017538358905937024e+00 6.242132042900944953e+02
4.017545030020013286e+00 7.737969946784620845e+01
4.017551701134088660e+00 5.740972547209817094e+02
4.017558372248164922e+00 7.994132959464802752e+02
4.017565043362241184e+00 5.001892020310633029e+02
4.017571714476317446e+00 1.485583082272122510e+02
4.017578385590392820e+00 6.728424027968693508e+02
4.017585056704469082e+00 7.652152401182332824e+02
4.017591727818545344e+00 3.573311405135518726e+02
4.017598398932621606e+00 2.988177242413732415e+02
4.017605070046696980e+00 7.406757722362516461e+02
4.017611741160773242e+00 6.980953181231354847e+02
4.017618412274849504e+00 2.046187857582351342e+02
4.017625083388925766e+00 4.398202647432836443e+02
4.017631754503002028e+00 7.750062109332723139e+02
4.017638425617077402e+00 6.016451756540539009e+02
4.017645096731153664e+00 7.425555181321072951e+01
4.017651767845229926e+00 5.607218162439887692e+02
4.017658438959306189e+00 7.748266364665624906e+02
4.017665110073381562e+00 4.808163107477366225e+02
4.017671781187457825e+00 1.498435535318278653e+02
4.017678452301534087e+00 6.556277212071765916e+02
4.017685123415610349e+00 7.407030276812197371e+02
4.017691794529685723e+00 3.419515848342416575e+02
4.017698465643761985e+00 2.953007764534550006e+02
4.017705136757838247e+00 7.204900075463079929e+02
4.017711807871914509e+00 6.747223846527828073e+02
4.017718478985989883e+00 1.940281601954685300e+02
4.017725150100066145e+00 4.315160102394978594e+02
4.017731821214142407e+00 7.528184838176472340e+02
4.017738492328218669e+00 5.803990907593675956e+02
4.017745163442294043e+00 7.176913995945285762e+01
4.017751834556370305e+00 5.481164110022134537e+02
4.017758505670446567e+00 7.516624353563926206e+02
4.017765176784522829e+00 4.625750053028654065e+02
4.017771847898599091e+00 1.510482837096629964e+02
4.017778519012674465e+00 6.393983251871959510e+02
4.017785190126750727e+00 7.175992678390408628e+02
4.017791861240826989e+00 3.274763717621250407e+02
4.017798532354903251e+00 2.919758537106559970e+02
4.017805203468978625e+00 7.014519116070669043e+02
4.017811874583054887e+00 6.526840312818545726e+02
4.017818545697131150e+00 1.841042961429277796e+02
4.017825216811207412e+00 4.236755489526789233e+02
4.017831887925282786e+00 7.318836280822487197e+02
4.017838559039359048e+00 5.603600072171451529e+02
4.017845230153435310e+00 6.987024557941728631e+01
4.017851901267511572e+00 5.362138242190388837e+02
4.017858572381586946e+00 7.297974031844262299e+02
4.017865243495663208e+00 4.453678859854257439e+02
4.017871914609739470e+00 1.521787901628125041e+02
4.017878585723815732e+00 6.240690474767815203e+02
4.017885256837891106e+00 6.957829091172374092e+02
4.017891927951967368e+00 3.138288985462535834e+02
4.017898599066043630e+00 2.888261184219001052e+02
4.017905270180119892e+00 6.834631632121673874e+02
4.017911941294196154e+00 6.318665255245234675e+02
4.017918612408271528e+00 1.747948139010673003e+02
4.017925283522347790e+00 4.162590487338407002e+02
4.017931954636424052e+00 7.120952222521593740e+02
4.017938625750500314e+00 5.414259711397517094e+02
4.017945296864575688e+00 6.850610739848616504e+01
4.017951967978651950e+00 5.249544128506809102e+02
4.017958639092728212e+00 7.091221025864607554e+02
4.017965310206804475e+00 4.291084837467957414e+02
4.017971981320879848e+00 1.532407135293958902e+02
4.017978652434956111e+00 6.095642396954923470e+02
4.017985323549032373e+00 6.751463993288252823e+02
4.017991994663108635e+00 3.009411296638014051e+02
4.017998665777184009e+00 2.858366142285610181e+02
4.018005336891260271e+00 6.664363470399802054e+02
4.018012008005336533e+00 6.121687249145035139e+02
4.018018679119412795e+00 1.660534576281051500e+02
4.018025350233488169e+00 4.092310796036809393e+02
4.018032021347564431e+00 6.933585614512012398e+02
4.018038692461640693e+00 5.235062343078608365e+02
4.018045363575716955e+00 6.762205485284482620e+01
4.018052034689793217e+00 5.142850700823822763e+02
4.018058705803868591e+00 6.895390564289693884e+02
4.018065376917944853e+00 4.137197714971365485e+02
4.018072048032021115e+00 1.542391233838150981e+02
4.018078719146097377e+00 5.958164795789012942e+02
4.018085390260172751e+00 6.555938553538846918e+02
4.018092061374249013e+00 2.887524404700902210e+02
4.018098732488325275e+00 2.829940110224861769e+02
4.018105403602401537e+00 6.502934829986621708e+02
4.018112074716476911e+00 5.935003821618973916e+02
4.018118745830553173e+00 1.578392985122480923e+02
4.018125416944629436e+00 4.025600227976095766e+02
4.018132088058705698e+00 6.755890886801090573e+02
4.018138759172781072e+00 5.065197560040291478e+02
4.018145430286857334e+00 6.716269580952408091e+01
4.018152101400933596e+00 5.041583537948740172e+02
4.018158772515009858e+00 6.709611578011983966e+02
4.018165443629085232e+00 3.991329108326714845e+02
4.018172114743161494e+00 1.551785869282086310e+02
4.018178785857237756e+00 5.827654827917237981e+02
4.018185456971314018e+00 6.370395226101940125e+02
4.018192128085390280e+00 2.772086432004256835e+02
4.018198799199465654e+00 2.802863896487302213e+02
4.018205470313541916e+00 6.349647870583573877e+02
4.018212141427618178e+00 5.757807170379390982e+02
4.018218812541694440e+00 1.501160627588396039e+02
4.018225483655769814e+00 3.962175720646464470e+02
4.018232154769846076e+00 6.587110714454937579e+02
4.018238825883922338e+00 4.903939399528714489e+02
4.018245496997998600e+00 6.707337713121694378e+01
4.018252168112073974e+00 4.945317521529260603e+02
4.018258839226150236e+00 6.533103271009796345e+02
4.018265510340226498e+00 3.852861944927267928e+02
4.018272181454302761e+00 1.560632289770450711e+02
4.018278852568378134e+00 5.703571833648773008e+02
4.018285523682454397e+00 6.194064727043711400e+02
4.018292194796530659e+00 2.662611638383683612e+02
4.018298865910606921e+00 2.777030612384071446e+02
4.018305537024682295e+00 6.203876225710162089e+02
4.018312208138758557e+00 5.589372073552378879e+02
4.018318879252834819e+00 1.428515633924895099e+02
4.018325550366911081e+00 3.901783119562592788e+02
4.018332221480987343e+00 6.426564802959619556e+02
4.018338892595062717e+00 4.750635630761384505e+02
4.018345563709138979e+00 6.730163288179591063e+01
4.018352234823215241e+00 4.853670595520833899e+02
4.018358905937291503e+00 6.365163724540143448e+02
4.018365577051366877e+00 3.721241481870856660e+02
4.018372248165443139e+00 1.568967825734287089e+02
4.018378919279519401e+00 5.585429525042466139e+02
4.018385590393595663e+00 6.026254964873744484e+02
4.018392261507671037e+00 2.558663423056066506e+02
4.018398932621747299e+00 2.752344120889957253e+02
4.018405603735823561e+00 6.065056085098734684e+02
4.018412274849899823e+00 5.429045602434653119e+02
4.018418945963975197e+00 1.360172154740021995e+02
4.018425617078051459e+00 3.844193582145509254e+02
4.018432288192127722e+00 6.273640340997200155e+02
4.018438959306203984e+00 4.604698631897931023e+02
4.018445630420279358e+00 6.779839870890516806e+01
4.018452301534355620e+00 4.766298453976169185e+02
4.018458972648431882e+00 6.205160186804038176e+02
4.018465643762508144e+00 3.595967648174151918e+02
4.018472314876584406e+00 1.576826345122997566e+02
4.018478985990659780e+00 5.472789322536802956e+02
4.018485657104736042e+00 5.866341601122348948e+02
4.018492328218812304e+00 2.459848355612968760e+02
4.018498999332888566e+00 2.728717725726875187e+02
4.018505670446963940e+00 5.932678577730860070e+02
4.018512341561040202e+00 5.276238338411390032e+02
4.018519012675116464e+00 1.295876206580201710e+02
4.018525683789192726e+00 3.789200510748376587e+02
4.018532354903268100e+00 6.127783839037250573e+02
4.018539026017344362e+00 4.465597592861728913e+02
4.018545697131420624e+00 6.851886963013191689e+01
4.018552368245496886e+00 4.682889997201609731e+02
4.018559039359572260e+00 6.052520759932859846e+02
4.018565710473648522e+00 3.476588494464629662e+02
4.018572381587724784e+00 1.584238633408104704e+02
4.018579052701801047e+00 5.365254649771911772e+02
4.018585723815876420e+00 5.713759959456502884e+02
4.018592394929952683e+00 2.365811069127025803e+02
4.018599066044028945e+00 2.706073039735563270e+02
4.018605737158105207e+00 5.806283245575455112e+02
4.018612408272181469e+00 5.130416836941062684e+02
4.018619079386256843e+00 1.235402089911306263e+02
4.018625750500333105e+00 3.736616916042848970e+02
4.018632421614409367e+00 5.988494124013458304e+02
4.018639092728485629e+00 4.332851816797742686e+02
4.018645763842561003e+00 6.942297387751116844e+01
4.018652434956637265e+00 4.603163425179926094e+02
4.018659106070713527e+00 5.906727260851419032e+02
4.018665777184789789e+00 3.362694557836625791e+02
4.018672448298865163e+00 1.591232736101151204e+02
4.018679119412941425e+00 5.262466025254161650e+02
4.018685790527017687e+00 5.567998068978149604e+02
4.018692461641093949e+00 2.276229855735946330e+02
4.018699132755169323e+00 2.684339017265334064e+02
4.018705803869245585e+00 5.685452420665125146e+02
4.018712474983321847e+00 4.991097142886285951e+02
4.018719146097398109e+00 1.178549252918102752e+02
4.018725817211473483e+00 3.686273150121556341e+02
4.018732488325549745e+00 5.855316303894131806e+02
4.018739159439626007e+00 4.206024951945103680e+02
4.018745830553702270e+00 7.047550459199079853e+01
4.018752501667778532e+00 4.526862873505641005e+02
4.018759172781853906e+00 5.767309061330061013e+02
4.018765843895930168e+00 3.253914008589188711e+02
4.018772515010006430e+00 1.597834252498321348e+02
4.018779186124082692e+00 5.164096830014742636e+02
4.018785857238158066e+00 5.428590658727949858e+02
4.018792528352234328e+00 2.190812882764356573e+02
4.018799199466310590e+00 2.663451115582294619e+02
4.018805870580386852e+00 5.569806373191455577e+02
4.018812541694462226e+00 4.857839184041913541e+02
4.018819212808538488e+00 1.125139543106955244e+02
4.018825883922614750e+00 3.638014946212412042e+02
4.018832555036691012e+00 5.727836549158349726e+02
4.018839226150766386e+00 4.084719998893086199e+02
4.018845897264842648e+00 7.164598643776217557e+01
4.018852568378918910e+00 4.453755498238131736e+02
4.018859239492995172e+00 5.633837758758215841e+02
4.018865910607070546e+00 3.149908439962302396e+02
4.018872581721146808e+00 1.604066592596293503e+02
4.018879252835223070e+00 5.069849636385696954e+02
4.018885923949299332e+00 5.295113953780949032e+02
4.018892595063375595e+00 2.109294899311164215e+02
4.018899266177450968e+00 2.643350567958240163e+02
4.018905937291527231e+00 5.458999100622116885e+02
4.018912608405603493e+00 4.730241911270737205e+02
4.018919279519679755e+00 1.075014741934212026e+02
4.018925950633755129e+00 3.591701713313473761e+02
4.018932621747831391e+00 5.605677564269052482e+02
4.018939292861907653e+00 3.968574979191301395e+02
4.018945963975983915e+00 7.290836291511308787e+01
4.018952635090059289e+00 4.383628949731973421e+02
4.018959306204135551e+00 5.505922546701679039e+02
4.018965977318211813e+00 3.050369220057079360e+02
4.018972648432288075e+00 1.609951206694979646e+02
4.018979319546363449e+00 4.979453024785834145e+02
4.018985990660439711e+00 5.167181154081293926e+02
4.018992661774515973e+00 2.031434390723796071e+02
4.018999332888592235e+00 2.623983757283436944e+02
4.019006004002667609e+00 5.352714668617544476e+02
4.019012675116743871e+00 4.607939073386997393e+02
4.019019346230820133e+00 1.028034335861308080e+02
4.019026017344896395e+00 3.547205062470361554e+02
4.019032688458972657e+00 5.488494646110541453e+02
4.019039359573048031e+00 3.857259166227985929e+02
4.019046030687124293e+00 7.424058049094826117e+01
4.019052701801200556e+00 4.316289167554329538e+02
4.019059372915276818e+00 5.383206181694489487e+02
4.019066044029352192e+00 2.955014308313261040e+02
4.019072715143428454e+00 1.615507782056857025e+02
4.019079386257504716e+00 4.892658802344275273e+02
4.019086057371580978e+00 5.044438488956296283e+02
4.019092728485656352e+00 1.957011088258188067e+02
4.019099399599732614e+00 2.605301659420973124e+02
4.019106070713808876e+00 5.250664016683225555e+02
4.019112741827885138e+00 4.490595522277581608e+02
4.019119412941960512e+00 9.840734536534932886e+01
4.019126084056036774e+00 3.504407508656156551e+02
4.019132755170113036e+00 5.375972241212465406e+02
4.019139426284189298e+00 3.750469788237122089e+02
4.019146097398264672e+00 7.562412931115331105e+01
4.019152768512340934e+00 4.251558455971587591e+02
4.019159439626417196e+00 5.265361458866346993e+02
4.019166110740493458e+00 2.863585472367657871e+02
4.019172781854569720e+00 1.620754421569479291e+02
4.019179452968645094e+00 4.809239573526615459e+02
4.019186124082721356e+00 4.926561770291777975e+02
4.019192795196797618e+00 1.885823798504369506e+02
4.019199466310873881e+00 2.587259370286210469e+02
4.019206137424949254e+00 5.152582162341074081e+02
4.019212808539025517e+00 4.377903988163119493e+02
4.019219479653101779e+00 9.430209273924084812e+01
4.019226150767178041e+00 3.463201343350048091e+02
4.019232821881253415e+00 5.267820930992161266e+02
4.019239492995329677e+00 3.647929145562164877e+02
4.019246164109405939e+00 7.704358230455402179e+01
4.019252835223482201e+00 4.189273798554634141e+02
4.019259506337557575e+00 5.152088121500088391e+02
4.019266177451633837e+00 2.775845852260204651e+02
4.019272848565710099e+00 1.625707796143422286e+02
4.019279519679786361e+00 4.728986609805958210e+02
4.019286190793861735e+00 4.813253363962357980e+02
4.019292861907937997e+00 1.817688501099235907e+02
4.019299533022014259e+00 2.569815675968080200e+02
4.019306204136090521e+00 5.058225748363410617e+02
4.019312875250166783e+00 4.269582239570513593e+02
4.019319546364242157e+00 9.047774322633199517e+01
4.019326217478318419e+00 3.423487638237962756e+02
4.019332888592394681e+00 5.163774783023321788e+02
4.019339559706470943e+00 3.549382072511832007e+02
4.019346230820546317e+00 7.848615858140587420e+01
4.019352901934622579e+00 4.129285373840776288e+02
4.019359573048698842e+00 5.043110145250752225e+02
4.019366244162775104e+00 2.691577814352948508e+02
4.019372915276850478e+00 1.630383286218091428e+02
4.019379586390926740e+00 4.651707974008226074e+02
4.019386257505003002e+00 4.704239529506388635e+02
4.019392928619079264e+00 1.752436674432969710e+02
4.019399599733154638e+00 2.552932688944606809e+02
4.019406270847230900e+00 4.967370882390181350e+02
4.019412941961307162e+00 4.165370590402600897e+02
4.019419613075383424e+00 8.692536659602644988e+01
4.019426284189458798e+00 3.385175372142402921e+02
4.019432955303535060e+00 5.063589018262759964e+02
4.019439626417611322e+00 3.454593706738860419e+02
4.019446297531687584e+00 7.994132651648212118e+01
4.019452968645763846e+00 4.071455250784305804e+02
4.019459639759839220e+00 4.938173344367964432e+02
4.019466310873915482e+00 2.610581064928259707e+02
4.019472981987991744e+00 1.634795100989221908e+02
4.019479653102068006e+00 4.577226868542988996e+02
4.019486324216143380e+00 4.599268071978951866e+02
4.019492995330219642e+00 1.689913826777940642e+02
4.019499666444295904e+00 2.536575515635495890e+02
4.019506337558372167e+00 4.879811232022105401e+02
4.019513008672447540e+00 4.065029694315155666e+02
4.019519679786523803e+00 8.363685550037639871e+01
4.019526350900600065e+00 3.348180657946927568e+02
4.019533022014676327e+00 4.967037951040362600e+02
4.019539693128751701e+00 3.363347514933758475e+02
4.019546364242827963e+00 8.140045143567927255e+01
4.019553035356904225e+00 4.015656232530195098e+02
4.019559706470980487e+00 4.837043255347009563e+02
4.019566377585055861e+00 2.532670978689060917e+02
4.019573048699132123e+00 1.638956387651794273e+02
4.019579719813208385e+00 4.505380172175447910e+02
4.019586390927284647e+00 4.498106264849411104e+02
4.019593062041360909e+00 1.629978191492932638e+02
4.019599733155436283e+00 2.520711969373479917e+02
4.019606404269512545e+00 4.795356337187533882e+02
4.019613075383588807e+00 3.968338595637727053e+02
4.019619746497665069e+00 8.060474558688345326e+01
4.019626417611740443e+00 3.312426058006786320e+02
4.019633088725816705e+00 4.873913164687874087e+02
4.019639759839892967e+00 3.275443545549393320e+02
4.019646430953969229e+00 8.285648991421048493e+01
4.019653102068044603e+00 3.961770835474589489e+02
4.019659773182120865e+00 4.739503263117393317e+02
4.019666444296197128e+00 2.457677119741375122e+02
4.019673115410273390e+00 1.642879330061542476e+02
4.019679786524348764e+00 4.436017146610512896e+02
4.019686457638425026e+00 4.400539009919431805e+02
4.019693128752501288e+00 1.572499583461803923e+02
4.019699799866577550e+00 2.505312313183418382e+02
4.019706470980652924e+00 4.713830115987856857e+02
4.019713142094729186e+00 3.875093000330241466e+02
4.019719813208805448e+00 7.782203696781694191e+01
4.019726484322881710e+00 3.277839979425875754e+02
4.019733155436957972e+00 4.784021892909439657e+02
4.019739826551033346e+00 3.190696882086010078e+02
4.019746497665109608e+00 8.430372737196788080e+01
4.019753168779185870e+00 3.909690381647928916e+02
4.019759839893262132e+00 4.645352935617498815e+02
4.019766511007337506e+00 2.385441932385651569e+02
4.019773182121413768e+00 1.646575233087447714e+02
4.019779853235490030e+00 4.368998283717374989e+02
4.019786524349566292e+00 4.306367200849895767e+02
4.019793195463641666e+00 1.517358372567721290e+02
4.019799866577717928e+00 2.490349031836619815e+02
4.019806537691794190e+00 4.635069534007616312e+02
4.019813208805870453e+00 3.785103736449036091e+02
4.019819879919945826e+00 7.528201670557822922e+01
4.019826551034022089e+00 3.244356132379778614e+02
4.019833222148098351e+00 4.697185579688699022e+02
4.019839893262174613e+00 3.108936258113704412e+02
4.019846564376249987e+00 8.573755575400568318e+01
4.019853235490326249e+00 3.859314188159821128e+02
4.019859906604402511e+00 4.554406542809483085e+02
4.019866577718478773e+00 2.315819566874491784e+02
4.019873248832555035e+00 1.650054602470335112e+02
4.019879919946630409e+00 4.304194280911091255e+02
4.019886591060706671e+00 4.215406267021036797e+02
4.019893262174782933e+00 1.464444581715231948e+02
4.019899933288859195e+00 2.475796630030358756e+02
4.019906604402934569e+00 4.558923419674898128e+02
4.019913275517010831e+00 3.698195385659111025e+02
4.019919946631087093e+00 7.297808623488467106e+01
4.019926617745163355e+00 3.211913052255982279e+02
4.019933288859238729e+00 4.613238595001080853e+02
4.019939959973314991e+00 3.030002833483765130e+02
4.019946631087391253e+00 8.715428604248637612e+01
4.019953302201467515e+00 3.810548850553073521e+02
4.019959973315542889e+00 4.466491734389348380e+02
4.019966644429619151e+00 2.248674843077891694e+02
4.019973315543695414e+00 1.653327211878198000e+02
4.019979986657771676e+00 4.241485126893181814e+02
4.019986657771847050e+00 4.127484872343695770e+02
4.019993328885923312e+00 1.413657078365384905e+02
4.019999999999999574e+00 2.461631448931894681e+02
