4.009999999999999787e+00 5.141801874032551467e+01
4.010006671114076049e+00 1.001075651397546835e+02
4.010013342228152311e+00 1.479101532907610874e+02
4.010020013342227685e+00 1.942780383795742125e+02
4.010026684456303947e+00 2.386927367583391231e+02
4.010033355570380209e+00 2.806579392105249440e+02
4.010040026684456471e+00 3.197031134119045532e+02
4.010046697798531845e+00 3.553882698287388848e+02
4.010053368912608107e+00 3.873087366453221421e+02
4.010060040026684369e+00 4.150996649773302920e+02
4.010066711140760631e+00 4.384401513962744161e+02
4.010073382254836005e+00 4.570569099365719694e+02
4.010080053368912267e+00 4.707274434249118826e+02
4.010086724482988529e+00 4.792826738941340636e+02
4.010093395597064792e+00 4.826089995809128368e+02
4.010100066711140165e+00 4.806497529451157220e+02
4.010106737825216427e+00 4.734060410600702653e+02
4.010113408939292690e+00 4.609369566877407465e+02
4.010120080053368952e+00 4.433591553829470513e+02
4.010126751167444326e+00 4.208458011538665460e+02
4.010133422281520588e+00 3.936248905420321194e+02
4.010140093395596850e+00 3.619769726902700313e+02
4.010146764509673112e+00 3.262322913845587777e+02
4.010153435623749374e+00 2.867673862399411746e+02
4.010160106737824748e+00 2.440012089789928496e+02
4.010166777851901010e+00 1.983908583401614862e+02
4.010173448965977272e+00 1.504272112771913328e+02
4.010180120080053534e+00 1.006316774292340170e+02
4.010186791194128908e+00 4.956513836936019857e+01
4.010193462308205170e+00 3.703988674667446634e+00
4.010200133422281432e+00 5.447151747068686234e+01
4.010206804536357694e+00 1.060708961141167634e+02
4.010213475650433068e+00 1.567328024448759436e+02
4.010220146764509330e+00 2.058795748694120675e+02
4.010226817878585592e+00 2.529620777794922617e+02
4.010233488992661854e+00 2.974541329655589834e+02
4.010240160106737228e+00 3.388566320443485438e+02
4.010246831220813490e+00 3.767026693026635371e+02
4.010253502334889752e+00 4.105626373910865823e+02
4.010260173448966015e+00 4.400490245247241887e+02
4.010266844563041388e+00 4.648208023741148622e+02
4.010273515677117651e+00 4.845873358671786377e+02
4.010280186791193913e+00 4.991117626163969021e+02
4.010286857905270175e+00 5.082137997013083464e+02
4.010293529019346437e+00 5.117719432582931631e+02
4.010300200133421811e+00 5.097250336475721610e+02
4.010306871247498073e+00 5.020731661900728113e+02
4.010313542361574335e+00 4.888779348030954566e+02
4.010320213475650597e+00 4.702620032685287015e+02
4.010326884589725971e+00 4.464080064893001918e+02
4.010333555703802233e+00 4.175567917262802666e+02
4.010340226817878495e+00 3.840050179575968627e+02
4.010346897931954757e+00 3.461021400889432584e+02
4.010353569046030131e+00 3.042468159646057302e+02
4.010360240160106393e+00 2.588827920544661083e+02
4.010366911274182655e+00 2.104943679998875155e+02
4.010373582388258917e+00 1.596016988985045089e+02
4.010380253502334291e+00 1.067570578472193574e+02
4.010386924616410553e+00 5.255212780954347096e+01
4.010393595730486815e+00 3.790467702981651144e+00
4.010400266844563077e+00 5.786282579330381992e+01
4.010406937958638451e+00 1.126540368264706018e+02
4.010413609072714713e+00 1.664533268089691660e+02
4.010420280186790976e+00 2.186498957496766025e+02
4.010426951300867238e+00 2.686608768339395397e+02
4.010433622414943500e+00 3.159272442077572691e+02
4.010440293529018874e+00 3.599184565945769805e+02
4.010446964643095136e+00 4.001379862184541594e+02
4.010453635757171398e+00 4.361287653819770185e+02
4.010460306871247660e+00 4.674783045579966370e+02
4.010466977985323034e+00 4.938233729559672156e+02
4.010473649099399296e+00 5.148541710954210657e+02
4.010480320213475558e+00 5.303179407942650414e+02
4.010486991327551820e+00 5.400219678595500454e+02
4.010493662441627194e+00 5.438359407128037901e+02
4.010500333555703456e+00 5.416936357838079630e+02
4.010507004669779718e+00 5.335939081676215210e+02
4.010513675783855980e+00 5.196009737150601495e+02
4.010520346897931354e+00 4.998439766159651754e+02
4.010527018012007616e+00 4.745158445353986849e+02
4.010533689126083878e+00 4.438714415403855469e+02
4.010540360240160140e+00 4.082250373906709910e+02
4.010547031354235514e+00 3.679471209109785832e+02
4.010553702468311776e+00 3.234605962161215302e+02
4.010560373582388038e+00 2.752364181028828511e+02
4.010567044696464301e+00 2.237887637539564309e+02
4.010573715810540563e+00 1.696699833332500020e+02
4.010580386924615937e+00 1.134663571063577905e+02
4.010587058038692199e+00 5.580382926799106258e+01
4.010593729152768461e+00 3.930616104709151237e+00
4.010600400266844723e+00 6.164455198748270703e+01
4.010607071380920097e+00 1.199546671932913569e+02
4.010613742494996359e+00 1.772139822440768171e+02
4.010620413609072621e+00 2.327748439481394200e+02
4.010627084723148883e+00 2.860170825726248154e+02
4.010633755837224257e+00 3.363453622665807075e+02
4.010640426951300519e+00 3.831943831781874223e+02
4.010647098065376781e+00 4.260348411708675371e+02
4.010653769179453043e+00 4.643792606508634435e+02
4.010660440293528417e+00 4.977874675725208249e+02
4.010667111407604679e+00 5.258715946565661170e+02
4.010673782521680941e+00 5.483005461151085456e+02
4.010680453635757203e+00 5.648038647052700298e+02
4.010687124749832577e+00 5.751749534556976187e+02
4.010693795863908839e+00 5.792736128706670797e+02
4.010700466977985101e+00 5.770278622491774740e+02
4.010707138092061363e+00 5.684350218705209272e+02
4.010713809206137626e+00 5.535620409175373879e+02
4.010720480320212999e+00 5.325450643753285931e+02
4.010727151434289262e+00 5.055882406303560970e+02
4.010733822548365524e+00 4.729617801501184999e+02
4.010740493662441786e+00 4.349992843799971070e+02
4.010747164776517160e+00 3.920943736018563754e+02
4.010753835890593422e+00 3.446966535005856827e+02
4.010760507004669684e+00 2.933070774759582946e+02
4.010767178118745946e+00 2.384727996040017501e+02
4.010773849232821320e+00 1.807817462279048755e+02
4.010780520346897582e+00 1.208578476994979241e+02
4.010787191460973844e+00 5.936528299085446037e+01
4.010793862575050106e+00 4.137287006324896765e+00
4.010800533689125480e+00 6.588104983719205165e+01
4.010807204803201742e+00 1.280922800840634466e+02
4.010813875917278004e+00 1.891888336114123490e+02
4.010820547031354266e+00 2.484818841372755287e+02
4.010827218145429640e+00 3.053097829697227326e+02
4.010833889259505902e+00 3.590368277012372005e+02
4.010840560373582164e+00 4.090590573955197442e+02
4.010847231487658426e+00 4.548106848307565997e+02
4.010853902601734688e+00 4.957703572526181688e+02
4.010860573715810062e+00 5.314670245783626115e+02
4.010867244829886324e+00 5.614853070760544824e+02
4.010873915943962587e+00 5.854702871847983943e+02
4.010880587058038849e+00 6.031316650340684191e+02
4.010887258172114223e+00 6.142472268931753661e+02
4.010893929286190485e+00 6.186655844144409002e+02
4.010900600400266747e+00 6.163081508700823861e+02
4.010907271514343009e+00 6.071703291159946048e+02
4.010913942628418383e+00 5.913218946467154638e+02
4.010920613742494645e+00 5.689065660083625744e+02
4.010927284856570907e+00 5.401407638699058680e+02
4.010933955970647169e+00 5.053115691839245756e+02
4.010940627084722543e+00 4.647739002535713553e+02
4.010947298198798805e+00 4.189469383969926639e+02
4.010953969312875067e+00 3.683098433999121539e+02
4.010960640426951329e+00 3.133968164181312659e+02
4.010967311541026703e+00 2.547916040517188492e+02
4.010973982655102965e+00 1.931216582960074106e+02
4.010980653769179227e+00 1.290528160329205605e+02
4.010987324883255489e+00 6.329210354443211628e+01
4.010993995997331751e+00 4.425942277131189151e+00
4.011000667111407125e+00 7.065188000761563103e+01
4.011007338225483387e+00 1.372146235708333393e+02
4.011014009339559649e+00 2.025931684986400967e+02
4.011020680453635912e+00 2.660524453387961898e+02
4.011027351567711285e+00 3.268844006354221960e+02
4.011034022681787548e+00 3.844081707290183090e+02
4.011040693795863810e+00 4.379765136647073973e+02
4.011047364909940072e+00 4.869827638903138904e+02
4.011054036024015446e+00 5.308675707984493783e+02
4.011060707138091708e+00 5.691252101682915736e+02
4.011067378252167970e+00 6.013093594090313445e+02
4.011074049366244232e+00 6.270382583066199231e+02
4.011080720480319606e+00 6.459991907830985838e+02
4.011087391594395868e+00 6.579522334252527571e+02
4.011094062708472130e+00 6.627332252295053650e+02
4.011100733822548392e+00 6.602559220201474091e+02
4.011107404936623766e+00 6.505133078607386778e+02
4.011114076050700028e+00 6.335780451061879148e+02
4.011120747164776290e+00 6.096020541907382722e+02
4.011127418278852552e+00 5.788152238633010711e+02
4.011134089392928814e+00 5.415232623516188823e+02
4.011140760507004188e+00 4.981047098817591063e+02
4.011147431621080450e+00 4.490071433740762927e+02
4.011154102735156712e+00 3.947426159620046633e+02
4.011160773849232974e+00 3.358823902077468233e+02
4.011167444963308348e+00 2.730510578381983464e+02
4.011174116077384610e+00 2.069202493978862947e+02
4.011180787191460873e+00 1.382027262028739187e+02
4.011187458305537135e+00 6.765377517614146541e+01
4.011194129419612509e+00 4.814861599231209155e+00
4.011200800533688771e+00 7.605657258377632957e+01
4.011207471647765033e+00 1.475065699758334006e+02
4.011214142761841295e+00 2.176964646041262483e+02
4.011220813875916669e+00 2.858389325213931329e+02
4.011227484989992931e+00 3.511736483228547741e+02
4.011234156104069193e+00 4.129688642676726431e+02
4.011240827218145455e+00 4.705285336431039696e+02
4.011247498332220829e+00 5.231998483425686572e+02
4.011254169446297091e+00 5.703805153231858185e+02
4.011260840560373353e+00 6.115255688988497695e+02
4.011267511674449615e+00 6.461536082398549752e+02
4.011274182788525877e+00 6.738523774629186391e+02
4.011280853902601251e+00 6.942836195798952303e+02
4.011287525016677513e+00 7.071871457750395393e+02
4.011294196130753775e+00 7.123840706497555857e+02
4.011300867244830037e+00 7.097791735775599591e+02
4.011307538358905411e+00 6.993623558015942763e+02
4.011314209472981673e+00 6.812091728036556333e+02
4.011320880587057935e+00 6.554804316402340874e+02
4.011327551701134198e+00 6.224208532047381368e+02
4.011334222815209571e+00 5.823568098257345582e+02
4.011340893929285834e+00 5.356931592466004304e+02
4.011347565043362096e+00 4.829092070522924018e+02
4.011354236157438358e+00 4.245538416973685116e+02
4.011360907271513732e+00 3.612399027271623595e+02
4.011367578385589994e+00 2.936378745384041054e+02
4.011374249499666256e+00 2.224690995823710580e+02
4.011380920613742518e+00 1.484992379300913115e+02
4.011387591727817892e+00 7.253826367942329512e+01
4.011394262841894154e+00 5.325639553955886285e+00
4.011400933955970416e+00 8.222129964894793375e+01
4.011407605070046678e+00 1.592025498110169508e+02
4.011414276184122940e+00 2.348405809109075051e+02
4.011420947298198314e+00 3.082886066068849118e+02
4.011427618412274576e+00 3.787269642080771632e+02
4.011434289526350838e+00 4.453661158160157356e+02
4.011440960640427100e+00 5.074545316672177933e+02
4.011447631754502474e+00 5.642868844290053403e+02
4.011454302868578736e+00 6.152119365621405223e+02
4.011460973982654998e+00 6.596399238775367166e+02
4.011467645096731260e+00 6.970493217765657619e+02
4.011474316210806634e+00 7.269929065643101467e+02
4.011480987324882896e+00 7.491030380671246576e+02
4.011487658438959159e+00 7.630960998908055899e+02
4.011494329553035421e+00 7.687760437141952252e+02
4.011501000667110794e+00 7.660369937292812210e+02
4.011507671781187057e+00 7.548648777271158679e+02
4.011514342895263319e+00 7.353380618851448389e+02
4.011521014009339581e+00 7.076269771128255570e+02
4.011527685123414955e+00 6.719927360362446507e+02
4.011534356237491217e+00 6.287847507412241157e+02
4.011541027351567479e+00 5.784373729808420421e+02
4.011547698465643741e+00 5.214655900759870519e+02
4.011554369579720003e+00 4.584598225193565781e+02
4.011561040693795377e+00 3.900798858737063028e+02
4.011567711807871639e+00 3.170482093981609637e+02
4.011574382921947901e+00 2.401424972363939787e+02
4.011581054036024163e+00 1.601884996000967760e+02
4.011587725150099537e+00 7.805860148683353827e+01
4.011594396264175799e+00 5.984242501560728122e+00
4.011601067378252061e+00 8.930841561501316050e+01
4.011607738492328323e+00 1.726043422854147877e+02
4.011614409606403697e+00 2.544658044553768548e+02
4.011621080720479959e+00 3.339778013791515150e+02
4.011627751834556221e+00 4.102527194991234296e+02
4.011634422948632483e+00 4.824347925142735676e+02
4.011641094062707857e+00 5.497088309405066866e+02
4.011647765176784119e+00 6.113091641819737561e+02
4.011654436290860382e+00 6.665282287004255295e+02
4.011661107404936644e+00 7.147246095998843884e+02
4.011667778519012018e+00 7.553304178590460651e+02
4.011674449633088280e+00 7.878579097494239249e+02
4.011681120747164542e+00 8.119052683788236209e+02
4.011687791861240804e+00 8.271614781035924580e+02
4.011694462975317066e+00 8.334102327534700407e+02
4.011701134089392440e+00 8.305328293149791534e+02
4.011707805203468702e+00 8.185100097049783017e+02
4.011714476317544964e+00 7.974227246425336944e+02
4.011721147431621226e+00 7.674518053482463529e+02
4.011727818545696600e+00 7.288765408010203828e+02
4.011734489659772862e+00 6.820721702700401465e+02
4.011741160773849124e+00 6.275063133374704876e+02
4.011747831887925386e+00 5.657343719031421188e+02
4.011754503002000760e+00 4.973939522269304803e+02
4.011761174116077022e+00 4.231983717075550544e+02
4.011767845230153284e+00 3.439293440805635100e+02
4.011774516344229546e+00 2.604290215485899580e+02
4.011781187458304920e+00 1.735920075603070245e+02
4.011787858572381182e+00 8.436250633742247373e+01
4.011794529686457444e+00 6.822921807972340602e+00
4.011801200800533707e+00 9.753041407085805758e+01
4.011807871914609080e+00 1.881071228267376227e+02
4.011814543028685343e+00 2.771490172346921668e+02
4.011821214142761605e+00 3.636621035882110391e+02
4.011827885256837867e+00 4.466801682922941268e+02
4.011834556370914129e+00 5.252707590693942166e+02
4.011841227484989503e+00 5.985448700913519815e+02
4.011847898599065765e+00 6.656667456084535388e+02
4.011854569713142027e+00 7.258632810824977923e+02
4.011861240827218289e+00 7.784328313498635907e+02
4.011867911941293663e+00 8.227533021682484105e+02
4.011874583055369925e+00 8.582894245454502880e+02
4.011881254169446187e+00 8.845991244310885122e+02
4.011887925283522449e+00 9.013389116366524831e+02
4.011894596397597823e+00 9.082682226200381592e+02
4.011901267511674085e+00 9.052526633463759254e+02
4.011907938625750347e+00 8.922661101488346276e+02
4.011914609739826609e+00 8.693916389023017928e+02
4.011921280853901983e+00 8.368212654972435303e+02
4.011927951967978245e+00 7.948544935090213812e+02
4.011934623082054507e+00 7.438956782464448452e+02
4.011941294196130769e+00 6.844502294909649436e+02
4.011947965310206143e+00 6.171196888656246529e+02
4.011954636424282405e+00 5.425957319664561282e+02
4.011961307538358668e+00 4.616531626485482889e+02
4.011967978652434930e+00 3.751419945688925850e+02
4.011974649766511192e+00 2.839787931698196530e+02
4.011981320880586566e+00 1.891378425019778149e+02
4.011987991994662828e+00 9.164679859192627021e+01
4.011994663108739090e+00 7.883340429918732184e+00
4.012001334222815352e+00 1.071708859093650688e+02
4.012008005336890726e+00 2.062386135533635922e+02
4.012014676450966988e+00 3.036611162296118209e+02
4.012021347565043250e+00 3.983519173172989554e+02
4.012028018679119512e+00 4.892528238437724895e+02
4.012034689793194886e+00 5.753415241878356028e+02
4.012041360907271148e+00 6.556423688018571738e+02
4.012048032021347410e+00 7.292371794419257185e+02
4.012054703135423672e+00 7.952756057193516881e+02
4.012061374249499046e+00 8.529848378379820133e+02
4.012068045363575308e+00 9.016785444708358455e+02
4.012074716477651570e+00 9.407649262528033205e+02
4.012081387591727832e+00 9.697537887877950880e+02
4.012088058705803206e+00 9.882625505191940647e+02
4.012094729819879468e+00 9.960211126860806417e+02
4.012101400933955730e+00 9.928755307814699336e+02
4.012108072048031993e+00 9.787904397867340549e+02
4.012114743162108255e+00 9.538501987765716876e+02
4.012121414276183629e+00 9.182587343520305012e+02
4.012128085390259891e+00 8.723380764316295881e+02
4.012134756504336153e+00 8.165255944056112867e+02
4.012141427618412415e+00 7.513699560040270171e+02
4.012148098732487789e+00 6.775258459894106409e+02
4.012154769846564051e+00 5.957474971516026017e+02
4.012161440960640313e+00 5.068811038587794542e+02
4.012168112074716575e+00 4.118562155172886037e+02
4.012174783188791949e+00 3.116762791407501254e+02
4.012181454302868211e+00 2.074088503677216409e+02
4.012188125416944473e+00 1.001796634240812978e+02
4.012194796531020735e+00 9.221480528872533000e+00
4.012201467645096109e+00 1.186169499333595638e+02
4.012208138759172371e+00 2.277197298820220510e+02
4.012214809873248633e+00 3.350560575057828032e+02
4.012221480987324895e+00 4.394297729975526181e+02
4.012228152101400269e+00 5.396735782632773635e+02
4.012234823215476531e+00 6.346583899656017138e+02
4.012241494329552793e+00 7.233053974345355073e+02
4.012248165443629055e+00 8.045980636252716067e+02
4.012254836557705318e+00 8.775936208781459982e+02
4.012261507671780691e+00 9.414338673803482607e+02
4.012268178785856954e+00 9.953551234111741906e+02
4.012274849899933216e+00 1.038697226941892040e+03
4.012281521014009478e+00 1.070911461719210820e+03
4.012288192128084852e+00 1.091567323002589319e+03
4.012294863242161114e+00 1.100358038875474449e+03
4.012301534356237376e+00 1.097104778239817051e+03
4.012308205470313638e+00 1.081759490593418150e+03
4.012314876584389012e+00 1.054406337231290308e+03
4.012321547698465274e+00 1.015261688643405705e+03
4.012328218812541536e+00 9.646726784741674692e+02
4.012334889926617798e+00 9.031143199845063236e+02
4.012341561040693172e+00 8.311852071414668899e+02
4.012348232154769434e+00 7.496018382460039220e+02
4.012354903268845696e+00 6.591916170493173013e+02
4.012361574382921958e+00 5.608846046019243659e+02
4.012368245496997332e+00 4.557041223535803169e+02
4.012374916611073594e+00 3.447563728133851555e+02
4.012381587725149856e+00 2.292195566859399491e+02
4.012388258839226118e+00 1.103362338971446235e+02
4.012394929953302380e+00 1.091540603460368253e+01
4.012401601067377754e+00 1.324112183092172472e+02
4.012408272181454016e+00 2.535618807229105016e+02
4.012414943295530279e+00 3.728138975938273347e+02
4.012421614409606541e+00 4.888390144565969422e+02
4.012428285523681915e+00 6.003384215586362416e+02
4.012434956637758177e+00 7.060540603985541566e+02
4.012441627751834439e+00 8.047821991214835862e+02
4.012448298865910701e+00 8.953868697122912863e+02
4.012454969979986075e+00 9.768127460716578980e+02
4.012461641094062337e+00 1.048097261900418971e+03
4.012468312208138599e+00 1.108381814881314767e+03
4.012474983322214861e+00 1.156921923241791319e+03
4.012481654436290235e+00 1.193096214293605499e+03
4.012488325550366497e+00 1.216414137525709748e+03
4.012494996664442759e+00 1.226522308497475024e+03
4.012501667778519021e+00 1.223209404188839471e+03
4.012508338892594395e+00 1.206409545610788655e+03
4.012515010006670657e+00 1.176204119600743752e+03
4.012521681120746919e+00 1.132822008382530839e+03
4.012528352234823181e+00 1.076638212485848726e+03
4.012535023348898555e+00 1.008170870243520540e+03
4.012541694462974817e+00 9.280766944724418863e+02
4.012548365577051079e+00 8.371448651548161024e+02
4.012555036691127341e+00 7.362894346735600948e+02
4.012561707805203604e+00 6.265403227296567366e+02
4.012568378919278977e+00 5.090330046832198150e+02
4.012575050033355240e+00 3.849970585142889945e+02
4.012581721147431502e+00 2.557440125479620860e+02
4.012588392261507764e+00 1.226578240545963041e+02
4.012595063375583138e+00 1.307801368287091393e+01
4.012601734489659400e+00 1.493385565121803893e+02
4.012608405603735662e+00 2.852296614252613267e+02
4.012615076717811924e+00 4.190803295351144016e+02
4.012621747831887298e+00 5.494002515029216056e+02
4.012628418945963560e+00 6.747290160713956766e+02
4.012635090060039822e+00 7.936496518885189744e+02
4.012641761174116084e+00 9.048040446149493619e+02
4.012648432288191458e+00 1.006908140521886594e+03
4.012655103402267720e+00 1.098766536228237555e+03
4.012661774516343982e+00 1.179286242037391730e+03
4.012668445630420244e+00 1.247489449356458181e+03
4.012675116744495618e+00 1.302525150718349778e+03
4.012681787858571880e+00 1.343679475163285588e+03
4.012688458972648142e+00 1.370384615448436080e+03
4.012695130086724404e+00 1.382226238467884286e+03
4.012701801200800666e+00 1.378949285812133439e+03
4.012708472314876040e+00 1.360462088237908574e+03
4.012715143428952302e+00 1.326838735547019041e+03
4.012721814543028565e+00 1.278319661836709884e+03
4.012728485657104827e+00 1.215310425061586329e+03
4.012735156771180201e+00 1.138378679458484385e+03
4.012741827885256463e+00 1.048249358882858814e+03
4.012748498999332725e+00 9.457981093850437446e+02
4.012755170113408987e+00 8.320430292888186159e+02
4.012761841227484361e+00 7.081347970067873803e+02
4.012768512341560623e+00 5.753452945069320776e+02
4.012775183455636885e+00 4.350548916503817054e+02
4.012781854569713147e+00 2.887388003625715100e+02
4.012788525683788521e+00 1.379554343214306584e+02
4.012795196797864783e+00 1.587913743045192305e+01
4.012801867911941045e+00 1.705782328698458059e+02
4.012808539026017307e+00 3.249266809049581752e+02
4.012815210140092681e+00 4.770882770553409955e+02
4.012821881254168943e+00 6.253693507390155446e+02
4.012828552368245205e+00 7.681061866127090525e+02
4.012835223482321467e+00 9.036812065676366501e+02
4.012841894596397729e+00 1.030540677235681642e+03
4.012848565710473103e+00 1.147212138852225053e+03
4.012855236824549365e+00 1.252321166951754321e+03
4.012861907938625627e+00 1.344607237714511712e+03
4.012868579052701890e+00 1.422938505913047265e+03
4.012875250166777263e+00 1.486325321616994643e+03
4.012881921280853526e+00 1.533932326498889552e+03
4.012888592394929788e+00 1.565088985236904136e+03
4.012895263509006050e+00 1.579298423716409843e+03
4.012901934623081424e+00 1.576244462793649518e+03
4.012908605737157686e+00 1.555796754990209365e+03
4.012915276851233948e+00 1.518013951251449498e+03
4.012921947965310210e+00 1.463144845417895567e+03
4.012928619079385584e+00 1.391627465483552669e+03
4.012935290193461846e+00 1.304086102628045410e+03
4.012941961307538108e+00 1.201326291425519457e+03
4.012948632421614370e+00 1.084327776844671916e+03
4.012955303535689744e+00 9.542355270903034352e+02
4.012961974649766006e+00 8.123488747476189928e+02
4.012968645763842268e+00 6.601088987255895972e+02
4.012975316877918530e+00 4.990842123448745724e+02
4.012981987991994792e+00 3.309555378419159410e+02
4.012988659106070166e+00 1.575016276841994909e+02
4.012995330220146428e+00 1.958641941975576017e+01
4.013002001334222690e+00 1.979872138214645361e+02
4.013008672448298952e+00 3.761289437251555228e+02
4.013015343562374326e+00 5.519463973191959667e+02
4.013022014676450588e+00 7.234833981881258751e+02
4.013028685790526850e+00 8.888128397489618919e+02
4.013035356904603113e+00 1.046056097368780911e+03
4.013042028018678486e+00 1.193403668485028220e+03
4.013048699132754749e+00 1.329135486876548612e+03
4.013055370246831011e+00 1.451640523820863109e+03
4.013062041360907273e+00 1.559435423911478438e+03
4.013068712474982647e+00 1.651181954736141279e+03
4.013075383589058909e+00 1.725703067571188285e+03
4.013082054703135171e+00 1.781997380343791747e+03
4.013088725817211433e+00 1.819251910560629312e+03
4.013095396931286807e+00 1.836852902846986808e+03
4.013102068045363069e+00 1.834394614891151832e+03
4.013108739159439331e+00 1.811685946149279289e+03
4.013115410273515593e+00 1.768754815742405299e+03
4.013122081387591855e+00 1.705850219025981687e+03
4.013128752501667229e+00 1.623441916688414040e+03
4.013135423615743491e+00 1.522217734905063708e+03
4.013142094729819753e+00 1.403078481027007456e+03
4.013148765843896015e+00 1.267130504422240165e+03
4.013155436957971389e+00 1.115675959221281573e+03
4.013162108072047651e+00 9.502008519628877821e+02
4.013168779186123913e+00 7.723609896072633774e+02
4.013175450300200175e+00 5.839659944630033124e+02
4.013182121414275549e+00 3.869617390438039592e+02
4.013188792528351811e+00 1.834134037919018851e+02
4.013195463642428074e+00 2.464693948403642665e+01
4.013202134756504336e+00 2.346686110864797001e+02
4.013208805870579710e+00 4.446581290033360574e+02
4.013215476984655972e+00 6.522302302494134665e+02
4.013222148098732234e+00 8.550774427791607195e+02
4.013228819212808496e+00 1.050918346691437137e+03
4.013235490326883870e+00 1.237521099697427417e+03
4.013242161440960132e+00 1.412727964127457881e+03
4.013248832555036394e+00 1.574479495434346973e+03
4.013255503669112656e+00 1.720837995938322138e+03
4.013262174783188918e+00 1.850009945730502750e+03
4.013268845897264292e+00 1.960367151569171028e+03
4.013275517011340554e+00 2.050466370004426608e+03
4.013282188125416816e+00 2.119067176104683313e+03
4.013288859239493078e+00 2.165147866226658152e+03
4.013295530353568452e+00 2.187919201646499914e+03
4.013302201467644714e+00 2.186835820791478909e+03
4.013308872581720976e+00 2.161605170754951814e+03
4.013315543695797238e+00 2.112193833362501664e+03
4.013322214809872612e+00 2.038831147216935278e+03
4.013328885923948874e+00 1.942010054768249802e+03
4.013335557038025136e+00 1.822485132190670129e+03
4.013342228152101399e+00 1.681267788916976315e+03
4.013348899266176772e+00 1.519618654316841457e+03
4.013355570380253035e+00 1.339037198782858695e+03
4.013362241494329297e+00 1.141248669001896587e+03
4.013368912608405559e+00 9.281884507947372640e+02
4.013375583722480933e+00 7.019840258752768705e+02
4.013382254836557195e+00 4.649348482759535273e+02
4.013388925950633457e+00 2.194919998298999815e+02
4.013395597064709719e+00 3.186680757267528108e+01
4.013402268178785981e+00 2.862276371219347766e+02
4.013408939292861355e+00 5.410617269373427689e+02
4.013415610406937617e+00 7.935239759253797729e+02
4.013422281521013879e+00 1.040814000316704323e+03
4.013428952635090141e+00 1.280149505297836413e+03
4.013435623749165515e+00 1.508795286857706287e+03
4.013442294863241777e+00 1.724093122351446027e+03
4.013448965977318039e+00 1.923491387761353963e+03
4.013455637091394301e+00 2.104573979405612590e+03
4.013462308205469675e+00 2.265088202259119043e+03
4.013468979319545937e+00 2.402971311122980751e+03
4.013475650433622199e+00 2.516375403716964229e+03
4.013482321547698461e+00 2.603690380897575778e+03
4.013488992661773835e+00 2.663564704931950928e+03
4.013495663775850097e+00 2.694923707487922911e+03
4.013502334889926360e+00 2.696985220720166126e+03
4.013509006004002622e+00 2.669272330389451326e+03
4.013515677118077996e+00 2.611623077002313039e+03
4.013522348232154258e+00 2.524196960548490551e+03
4.013529019346230520e+00 2.407478135955013840e+03
4.013535690460306782e+00 2.262275219130457117e+03
4.013542361574383044e+00 2.089717657693239744e+03
4.013549032688458418e+00 1.891248656053824334e+03
4.013555703802534680e+00 1.668614679837981612e+03
4.013562374916610942e+00 1.423851602916596221e+03
4.013569046030687204e+00 1.159267598683786218e+03
4.013575717144762578e+00 8.774229320129502412e+02
4.013582388258838840e+00 5.811069453919149055e+02
4.013589059372915102e+00 2.733137598639797261e+02
4.013595730486991364e+00 4.286046870963937749e+01
4.013602401601066738e+00 3.639300737617754180e+02
4.013609072715143000e+00 6.866291895954196889e+02
4.013615743829219262e+00 1.007419179155300071e+03
4.013622414943295524e+00 1.322762336765771352e+03
4.013629086057370898e+00 1.629118647164283175e+03
4.013635757171447160e+00 1.922982403166643962e+03
4.013642428285523422e+00 2.200919820910818999e+03
4.013649099399599685e+00 2.459606631821026895e+03
4.013655770513675058e+00 2.695865181914026380e+03
4.013662441627751321e+00 2.906700631767312188e+03
4.013669112741827583e+00 3.089335865598280179e+03
4.013675783855903845e+00 3.241244729369754623e+03
4.013682454969980107e+00 3.360183228988976680e+03
4.013689126084055481e+00 3.444218336626822293e+03
4.013695797198131743e+00 3.491754071654422205e+03
4.013702468312208005e+00 3.501554545579540900e+03
4.013709139426284267e+00 3.472763686788576251e+03
4.013715810540359641e+00 3.404921389838671075e+03
4.013722481654435903e+00 3.297975866421298633e+03
4.013729152768512165e+00 3.152292010178195596e+03
4.013735823882588427e+00 2.968655624442001681e+03
4.013742494996663801e+00 2.748273401510352869e+03
4.013749166110740063e+00 2.492768582883514227e+03
4.013755837224816325e+00 2.204172272638469622e+03
4.013762508338892587e+00 1.884910418993770236e+03
4.013769179452967961e+00 1.537786527192878566e+03
4.013775850567044223e+00 1.165960221381775227e+03
4.013782521681120485e+00 7.729218955041995969e+02
4.013789192795196747e+00 3.624646190899127305e+02
4.013795863909272121e+00 6.140031058070724157e+01
4.013802535023348383e+00 4.942610200944375265e+02
4.013809206137424646e+00 9.317379356998997082e+02
4.013815877251500908e+00 1.369168249202309198e+03
4.013822548365577170e+00 1.801810619242588245e+03
4.013829219479652544e+00 2.224864863002143011e+03
4.013835890593728806e+00 2.633519247108052696e+03
4.013842561707805068e+00 3.022999384666372862e+03
4.013849232821881330e+00 3.388617829677616555e+03
4.013855903935956704e+00 3.725823838108256496e+03
4.013862575050032966e+00 4.030252803594651596e+03
4.013869246164109228e+00 4.297774877563969312e+03
4.013875917278185490e+00 4.524542289447150324e+03
4.013882588392260864e+00 4.707034886042978542e+03
4.013889259506337126e+00 4.842103421706308836e+03
4.013895930620413388e+00 4.927010144121501071e+03
4.013902601734489650e+00 4.959466241167026965e+03
4.013909272848565024e+00 4.937665737217497735e+03
4.013915943962641286e+00 4.860315455432242743e+03
4.013922615076717548e+00 4.726660694592747859e+03
4.013929286190793810e+00 4.536506304691706646e+03
4.013935957304869184e+00 4.290232884371441287e+03
4.013942628418945446e+00 3.988807865938659688e+03
4.013949299533021708e+00 3.633791298274531073e+03
4.013955970647097971e+00 3.227336185841471433e+03
4.013962641761174233e+00 2.772183290996831602e+03
4.013969312875249607e+00 2.271650360871361499e+03
4.013975983989325869e+00 1.729615798028951076e+03
4.013982655103402131e+00 1.150496899933792292e+03
4.013989326217478393e+00 5.392234273034891885e+02
4.013995997331553767e+00 9.882673591834206661e+01
4.014002668445630029e+00 7.577311535856384808e+02
4.014009339559706291e+00 1.431304514579591341e+03
4.014016010673782553e+00 2.112929094589980195e+03
4.014022681787857927e+00 2.795701756531298543e+03
4.014029352901934189e+00 3.472472604736305129e+03
4.014036024016010451e+00 4.135902318518958054e+03
4.014042695130086713e+00 4.778522591105338506e+03
4.014049366244162087e+00 5.392798887184079831e+03
4.014056037358238349e+00 5.971194952519552317e+03
4.014062708472314611e+00 6.506238515081180594e+03
4.014069379586390873e+00 6.990587606634760050e+03
4.014076050700466247e+00 7.417096920674055582e+03
4.014082721814542509e+00 7.778883617470637546e+03
4.014089392928618771e+00 8.069391984747381684e+03
4.014096064042695033e+00 8.282456367596389100e+03
4.014102735156771296e+00 8.412361788230300590e+03
4.014109406270846669e+00 8.453901692771938542e+03
4.014116077384922932e+00 8.402432280681556222e+03
4.014122748498999194e+00 8.253922897783337248e+03
4.014129419613075456e+00 8.005002003823997256e+03
4.014136090727150830e+00 7.652998259462831811e+03
4.014142761841227092e+00 7.195976316865067020e+03
4.014149432955303354e+00 6.632766941516632869e+03
4.014156104069379616e+00 5.962991138340201360e+03
4.014162775183454990e+00 5.187078006847488723e+03
4.014169446297531252e+00 4.306276103161747415e+03
4.014176117411607514e+00 3.322658147515556720e+03
4.014182788525683776e+00 2.239118994544446196e+03
4.014189459639759150e+00 1.059367139663024318e+03
4.014196130753835412e+00 2.121058322439267556e+02
4.014202801867911674e+00 1.569986006878853914e+03
4.014209472981987936e+00 3.008275799531256780e+03
4.014216144096063310e+00 4.520231176446895915e+03
4.014222815210139572e+00 6.098446816404521996e+03
4.014229486324215834e+00 7.734896703325482122e+03
4.014236157438292096e+00 9.420987129069962975e+03
4.014242828552368358e+00 1.114761499529009598e+04
4.014249499666443732e+00 1.290523083115096779e+04
4.014256170780519994e+00 1.468390601652017722e+04
4.014262841894596257e+00 1.647340367214999787e+04
4.014269513008672519e+00 1.826325265263004985e+04
4.014276184122747893e+00 2.004282403770512610e+04
4.014282855236824155e+00 2.180140950558076656e+04
4.014289526350900417e+00 2.352830093877031322e+04
4.014296197464976679e+00 2.521287061429649475e+04
4.014302868579052053e+00 2.684465130701753151e+04
4.014309539693128315e+00 2.841341564600023776e+04
4.014316210807204577e+00 2.990925405538557243e+04
4.014322881921280839e+00 3.132265063095287769e+04
4.014329553035356213e+00 3.264455631255017943e+04
4.014336224149432475e+00 3.386645873624580418e+04
4.014342895263508737e+00 3.498044817342112219e+04
4.014349566377584999e+00 3.597927900065293215e+04
4.014356237491660373e+00 3.685642617721462011e+04
4.014362908605736635e+00 3.760613624877692200e+04
4.014369579719812897e+00 3.822347244210555800e+04
4.014376250833889159e+00 3.870435346675752953e+04
4.014382921947965421e+00 3.904558568977266259e+04
4.014389593062040795e+00 3.924488840720229200e+04
4.014396264176117057e+00 3.930091199545146083e+04
4.014402935290193319e+00 3.921324878405708296e+04
4.014409606404269582e+00 3.898243655548487004e+04
4.014416277518344955e+00 3.860995463903063501e+04
4.014422948632421217e+00 3.809821262930603552e+04
4.014429619746497480e+00 3.745053182363868109e+04
4.014436290860573742e+00 3.667111953360136249e+04
4.014442961974649116e+00 3.576503648685447115e+04
4.014449633088725378e+00 3.473815759490606433e+04
4.014456304202801640e+00 3.359712641924327909e+04
4.014462975316877902e+00 3.234930371889029993e+04
4.014469646430953276e+00 3.100271051585076202e+04
4.014476317545029538e+00 2.956596615893519629e+04
4.014482988659105800e+00 2.804822191039355312e+04
4.014489659773182062e+00 2.645909061258636939e+04
4.014496330887257436e+00 2.480857302921363225e+04
4.014503002001333698e+00 2.310698147940978015e+04
4.014509673115409960e+00 2.136486140723416611e+04
4.014516344229486222e+00 1.959291153843541906e+04
4.014523015343562484e+00 1.780190329641311473e+04
4.014529686457637858e+00 1.600260014353471342e+04
4.014536357571714120e+00 1.420567751710706216e+04
4.014543028685790382e+00 1.242164402354705271e+04
4.014549699799866644e+00 1.066076453446735650e+04
4.014556370913942018e+00 8.932985813751482056e+03
4.014563042028018280e+00 7.247865280326319407e+03
4.014569713142094542e+00 5.614503482241562779e+03
4.014576384256170805e+00 4.041480822759984676e+03
4.014583055370246178e+00 2.536799070209797264e+03
4.014589726484322441e+00 1.107828425765375869e+03
4.014596397598398703e+00 2.387531794223653776e+02
4.014603068712474965e+00 1.496948966265371382e+03
4.014609739826550339e+00 2.661571330254022996e+03
4.014616410940626601e+00 3.728188881372863307e+03
4.014623082054702863e+00 4.693184336899161281e+03
4.014629753168779125e+00 5.553764341521806273e+03
4.014636424282854499e+00 6.307967839477542839e+03
4.014643095396930761e+00 6.954667675619637521e+03
4.014649766511007023e+00 7.493565355971614736e+03
4.014656437625083285e+00 7.925179066150879407e+03
4.014663108739159547e+00 8.250825112859807632e+03
4.014669779853234921e+00 8.472593013213641825e+03
4.014676450967311183e+00 8.593314511017795667e+03
4.014683122081387445e+00 8.616526850190788537e+03
4.014689793195463707e+00 8.546430683546925138e+03
4.014696464309539081e+00 8.387843038352346412e+03
4.014703135423615343e+00 8.146145800323718504e+03
4.014709806537691605e+00 7.827230213368971818e+03
4.014716477651767867e+00 7.437437921879247369e+03
4.014723148765843241e+00 6.983499109533358023e+03
4.014729819879919503e+00 6.472468306981624664e+03
4.014736490993995766e+00 5.911658458274570876e+03
4.014743162108072028e+00 5.308573843159731041e+03
4.014749833222147402e+00 4.670842457968903545e+03
4.014756504336223664e+00 4.006148455793376797e+03
4.014763175450299926e+00 3.322165241877783956e+03
4.014769846564376188e+00 2.626489807507838123e+03
4.014776517678451562e+00 1.926578877747533625e+03
4.014783188792527824e+00 1.229687473855339704e+03
4.014789859906604086e+00 5.428110442438483005e+02
4.014796531020680348e+00 1.273942657138044297e+02
4.014803202134756610e+00 7.745648320201554498e+02
4.014809873248831984e+00 1.392847683470748734e+03
4.014816544362908246e+00 1.976793118973317178e+03
4.014823215476984508e+00 2.521457377948103840e+03
4.014829886591060770e+00 3.022425342148954314e+03
4.014836557705136144e+00 3.475837624345917447e+03
4.014843228819212406e+00 3.878412379524629614e+03
4.014849899933288668e+00 4.227461498916069104e+03
4.014856571047364930e+00 4.520901096453792888e+03
4.014863242161440304e+00 4.757256272076304413e+03
4.014869913275516566e+00 4.935660193920671190e+03
4.014876584389592828e+00 5.055847594873715934e+03
4.014883255503669091e+00 5.118142830204286838e+03
4.014889926617744464e+00 5.123442690965515794e+03
4.014896597731820727e+00 5.073194214795603330e+03
4.014903268845896989e+00 4.969367779243239056e+03
4.014909939959973251e+00 4.814425802885974008e+03
4.014916611074048625e+00 4.611287416722836497e+03
4.014923282188124887e+00 4.363289500804229647e+03
4.014929953302201149e+00 4.074144511037240136e+03
4.014936624416277411e+00 3.747895544207352486e+03
4.014943295530353673e+00 3.388869111140691530e+03
4.014949966644429047e+00 3.001626101743222534e+03
4.014956637758505309e+00 2.590911437797074996e+03
4.014963308872581571e+00 2.161602915801252038e+03
4.014969979986657833e+00 1.718659744843986118e+03
4.014976651100733207e+00 1.267071293862411039e+03
4.014983322214809469e+00 8.118066240326508023e+02
4.014989993328885731e+00 3.577662406334967500e+02
4.014996664442961993e+00 9.030024732576680435e+01
4.015003335557037367e+00 5.277023956678928016e+02
4.015010006671113629e+00 9.500892886825887445e+02
4.015016677785189891e+00 1.353283075328496807e+03
4.015023348899266153e+00 1.733404760794664980e+03
4.015030020013341527e+00 2.086894464150093881e+03
4.015036691127417789e+00 2.410541007002210335e+03
4.015043362241494052e+00 2.701507859477143029e+03
4.015050033355570314e+00 2.957354937558100119e+03
4.015056704469645688e+00 3.176056060789752337e+03
4.015063375583721950e+00 3.356011958666786995e+03
4.015070046697798212e+00 3.496058763498309418e+03
4.015076717811874474e+00 3.595471975882968309e+03
4.015083388925950736e+00 3.653965933181631044e+03
4.015090060040026110e+00 3.671688855724794394e+03
4.015096731154102372e+00 3.649213588154015270e+03
4.015103402268178634e+00 3.587524194298749535e+03
4.015110073382254896e+00 3.487998602764652787e+03
4.015116744496330270e+00 3.352387537009748485e+03
4.015123415610406532e+00 3.182789997112839956e+03
4.015130086724482794e+00 2.981625591755002461e+03
4.015136757838559056e+00 2.751604045298824985e+03
4.015143428952634430e+00 2.495692229903609586e+03
4.015150100066710692e+00 2.217079091487383266e+03
4.015156771180786954e+00 1.919138856278138974e+03
4.015163442294863216e+00 1.605392916551779081e+03
4.015170113408938590e+00 1.279470806607106397e+03
4.015176784523014852e+00 9.450706989220135483e+02
4.015183455637091114e+00 6.059199444468836191e+02
4.015190126751167377e+00 2.657373395322939018e+02
4.015196797865242750e+00 7.184900471395897625e+01
4.015203468979319013e+00 4.031677633705000972e+02
4.015210140093395275e+00 7.248336922048960105e+02
4.015216811207471537e+00 1.033527779844253701e+03
4.015223482321547799e+00 1.326137135019226434e+03
4.015230153435623173e+00 1.599768494504296086e+03
4.015236824549699435e+00 1.851774710517326639e+03
4.015243495663775697e+00 2.079778762930420726e+03
4.015250166777851959e+00 2.281694692975003818e+03
4.015256837891927333e+00 2.455745232785369353e+03
4.015263509006003595e+00 2.600475982638065489e+03
4.015270180120079857e+00 2.714766032394274589e+03
4.015276851234156119e+00 2.797834963916624019e+03
4.015283522348231493e+00 2.849246209384585654e+03
4.015290193462307755e+00 2.868906778195701463e+03
4.015296864576384017e+00 2.857063402568987840e+03
4.015303535690460279e+00 2.814295188050781235e+03
4.015310206804535653e+00 2.741502889870819672e+03
4.015316877918611915e+00 2.639894969425967702e+03
4.015323549032688177e+00 2.510970616553664058e+03
4.015330220146764439e+00 2.356499951913528093e+03
4.015336891260839813e+00 2.178501650904759117e+03
4.015343562374916075e+00 1.979218253583977003e+03
4.015350233488992338e+00 1.761089447065174454e+03
4.015356904603068600e+00 1.526723623522899516e+03
4.015363575717144862e+00 1.278868034062546485e+03
4.015370246831220236e+00 1.020377872727699014e+03
4.015376917945296498e+00 7.541846523120470920e+02
4.015383589059372760e+00 4.832643531159760073e+02
4.015390260173449022e+00 2.106072862005004254e+02
4.015396931287524396e+00 6.086533614460078923e+01
4.015403602401600658e+00 3.281317367441438932e+02
4.015410273515676920e+00 5.884408102950973216e+02
4.015416944629753182e+00 8.390479510685879632e+02
4.015423615743828556e+00 1.077365862166270517e+03
4.015430286857904818e+00 1.300972098499257072e+03
4.015436957971981080e+00 1.507632178656114320e+03
4.015443629086057342e+00 1.695320979786588850e+03
4.015450300200132716e+00 1.862241747781656841e+03
4.015456971314208978e+00 2.006842489608281312e+03
4.015463642428285240e+00 2.127829591174714551e+03
4.015470313542361502e+00 2.224178545456524716e+03
4.015476984656436876e+00 2.295141708863962776e+03
4.015483655770513138e+00 2.340253036841939775e+03
4.015490326884589400e+00 2.359329781964716858e+03
4.015496997998665663e+00 2.352471170157687993e+03
4.015503669112741925e+00 2.320054101911085581e+03
4.015510340226817299e+00 2.262725956221773231e+03
4.015517011340893561e+00 2.181394604467860972e+03
4.015523682454969823e+00 2.077215769810981328e+03
4.015530353569046085e+00 1.951577893779731085e+03
4.015537024683121459e+00 1.806084696778339321e+03
4.015543695797197721e+00 1.642535641008421408e+03
4.015550366911273983e+00 1.462904525202187187e+03
4.015557038025350245e+00 1.269316457678134157e+03
4.015563709139425619e+00 1.064023470831899431e+03
4.015570380253501881e+00 8.493790569516394271e+02
4.015577051367578143e+00 6.278119370603184279e+02
4.015583722481654405e+00 4.017995172957603813e+02
4.015590393595729779e+00 1.738432527919393351e+02
4.015597064709806041e+00 5.361718339541361900e+01
4.015603735823882303e+00 2.780038797716905492e+02
4.015610406937958565e+00 4.970081675490941961e+02
4.015617078052033939e+00 7.082900578190078704e+02
4.015623749166110201e+00 9.096378183591646120e+02
4.015630420280186463e+00 1.098970809806647821e+03
4.015637091394262725e+00 1.274359723334647470e+03
4.015643762508338988e+00 1.434045615610838240e+03
4.015650433622414361e+00 1.576457026978943304e+03
4.015657104736490624e+00 1.700224949824614896e+03
4.015663775850566886e+00 1.804195492974697572e+03
4.015670446964643148e+00 1.887440125667191751e+03
4.015677118078718522e+00 1.949263413647384596e+03
4.015683789192794784e+00 1.989208188461095915e+03
4.015690460306871046e+00 2.007058118970818214e+03
4.015697131420947308e+00 2.002837682316901237e+03
4.015703802535022682e+00 1.976809558951366398e+03
4.015710473649098944e+00 1.929469503591929424e+03
4.015717144763175206e+00 1.861538770336836023e+03
4.015723815877251468e+00 1.773954195312395541e+03
4.015730486991326842e+00 1.667856064264150973e+03
4.015737158105403104e+00 1.544573914902773140e+03
4.015743829219479366e+00 1.405610444669830486e+03
4.015750500333555628e+00 1.252623712977905825e+03
4.015757171447631002e+00 1.087407844815674025e+03
4.015763842561707264e+00 9.118724576038734995e+02
4.015770513675783526e+00 7.280210521124364504e+02
4.015777184789859788e+00 5.379286420527096197e+02
4.015783855903936050e+00 3.437190645294517708e+02
4.015790527018011424e+00 1.475444861686393949e+02
4.015797198132087686e+00 4.850343512202903895e+01
4.015803869246163949e+00 2.421674798731453109e+02
4.015810540360240211e+00 4.314636269412088154e+02
4.015817211474315584e+00 6.143506548755780159e+02
4.015823882588391847e+00 7.888966730894869670e+02
4.015830553702468109e+00 9.532783370795276596e+02
4.015837224816544371e+00 1.105798734691104983e+03
4.015843895930619745e+00 1.244904438234928648e+03
4.015850567044696007e+00 1.369200970880237946e+03
4.015857238158772269e+00 1.477466456616859432e+03
4.015863909272848531e+00 1.568663306420009121e+03
4.015870580386923905e+00 1.641947826455787208e+03
4.015877251501000167e+00 1.696677661442870203e+03
4.015883922615076429e+00 1.732417010433344331e+03
4.015890593729152691e+00 1.748939577520669445e+03
4.015897264843228065e+00 1.746229244289015696e+03
4.015903935957304327e+00 1.724478475451052191e+03
4.015910607071380589e+00 1.684084493307204866e+03
4.015917278185456851e+00 1.625643280250715407e+03
4.015923949299533113e+00 1.549941491224032688e+03
4.015930620413608487e+00 1.457946379948997901e+03
4.015937291527684749e+00 1.350793862914147212e+03
4.015943962641761011e+00 1.229774864686355158e+03
4.015950633755837273e+00 1.096320104941352838e+03
4.015957304869912647e+00 9.519835045434447238e+02
4.015963975983988909e+00 7.984244026202892428e+02
4.015970647098065172e+00 6.373887956346578676e+02
4.015977318212141434e+00 4.706898471237085460e+02
4.015983989326216808e+00 3.001881053475427734e+02
4.015990660440293070e+00 1.277742554898518534e+02
4.015997331554369332e+00 4.472302790548961582e+01
4.016004002668445594e+00 2.152884092398389271e+02
4.016010673782520968e+00 3.821856106745082684e+02
4.016017344896597230e+00 5.436025636926854077e+02
4.016024016010673492e+00 6.978233184226935464e+02
4.016030687124749754e+00 8.432244974196806879e+02
4.016037358238825128e+00 9.782912596350377044e+02
4.016044029352901390e+00 1.101632706020585374e+03
4.016050700466977652e+00 1.211995942932396702e+03
4.016057371581053914e+00 1.308278577582698290e+03
4.016064042695130176e+00 1.389539503611382770e+03
4.016070713809205550e+00 1.455007868254665937e+03
4.016077384923281812e+00 1.504090135997954576e+03
4.016084056037358074e+00 1.536375185850976095e+03
4.016090727151434336e+00 1.551637401593091681e+03
4.016097398265509710e+00 1.549837736122161004e+03
4.016104069379585972e+00 1.531122753088793388e+03
4.016110740493662234e+00 1.495821670815474590e+03
4.016117411607738497e+00 1.444441454728452527e+03
4.016124082721813870e+00 1.377660025224862466e+03
4.016130753835890133e+00 1.296317667712926550e+03
4.016137424949966395e+00 1.201406750450384379e+03
4.016144096064042657e+00 1.094059873068591969e+03
4.016150767178118031e+00 9.755365854982362634e+02
4.016157438292194293e+00 8.472088315639100529e+02
4.016164109406270555e+00 7.105452872092141661e+02
4.016170780520346817e+00 5.670947807664078937e+02
4.016177451634422191e+00 4.184690252249056357e+02
4.016184122748498453e+00 2.663251011001206621e+02
4.016190793862574715e+00 1.123508436015463445e+02
4.016197464976650977e+00 4.183075044588922253e+01
4.016204136090727239e+00 1.943930381364025948e+02
4.016210807204802613e+00 3.437946866674080297e+02
4.016217478318878875e+00 4.884048115021274157e+02
4.016224149432955137e+00 6.266789018478461912e+02
4.016230820547031399e+00 7.571531836713775192e+02
4.016237491661106773e+00 8.784589975641263209e+02
4.016244162775183035e+00 9.893368306186665677e+02
4.016250833889259297e+00 1.088649192453527348e+03
4.016257505003335559e+00 1.175392113582994170e+03
4.016264176117410933e+00 1.248705130624876574e+03
4.016270847231487195e+00 1.307879655022768929e+03
4.016277518345563458e+00 1.352365643188118156e+03
4.016284189459639720e+00 1.381776506686628636e+03
4.016290860573715094e+00 1.395892220355734480e+03
4.016297531687791356e+00 1.394660606546128975e+03
4.016304202801867618e+00 1.378196793281524151e+03
4.016310873915943880e+00 1.346780864111377014e+03
4.016317545030019254e+00 1.300853736679354597e+03
4.016324216144095516e+00 1.241011325980274478e+03
4.016330887258171778e+00 1.167997066551256239e+03
4.016337558372248040e+00 1.082692885008583517e+03
4.016344229486324302e+00 9.861087306481346104e+02
4.016350900600399676e+00 8.793707872488653265e+02
4.016357571714475938e+00 7.637085030888168831e+02
4.016364242828552200e+00 6.404405912291975937e+02
4.016370913942628462e+00 5.109601698524193125e+02
4.016377585056703836e+00 3.767192578066604938e+02
4.016384256170780098e+00 2.392130706608890023e+02
4.016390927284856360e+00 9.996761202002197422e+01
4.016397598398932622e+00 3.955941387395521502e+01
4.016404269513007996e+00 1.776925777910314252e+02
4.016410940627084258e+00 3.130477409058463536e+02
4.016417611741160520e+00 4.441408435290320540e+02
4.016424282855236783e+00 5.695666828320374862e+02
4.016430953969312156e+00 6.879917102262143089e+02
4.016437625083388419e+00 7.981670849628833366e+02
4.016444296197464681e+00 8.989415492533620409e+02
4.016450967311540943e+00 9.892732941994684097e+02
4.016457638425616317e+00 1.068240597973069725e+03
4.016464309539692579e+00 1.135051107143812033e+03
4.016470980653768841e+00 1.189049662472956015e+03
4.016477651767845103e+00 1.229724591102622981e+03
4.016484322881921365e+00 1.256712405024409009e+03
4.016490993995996739e+00 1.269800864164488758e+03
4.016497665110073001e+00 1.268930380312924626e+03
4.016504336224149263e+00 1.254193756374344957e+03
4.016511007338225525e+00 1.225834273523927322e+03
4.016517678452300899e+00 1.184242156629977444e+03
4.016524349566377161e+00 1.129949465693661068e+03
4.016531020680453423e+00 1.063623477954991358e+03
4.016537691794529685e+00 9.860586411459255487e+02
4.016544362908605059e+00 8.981671937063848645e+02
4.016551034022681321e+00 8.009685619140230983e+02
4.016557705136757583e+00 6.955776575523751717e+02
4.016564376250833845e+00 5.831922132454437815e+02
4.016571047364909219e+00 4.650793119626058001e+02
4.016577718478985481e+00 3.425613137636984220e+02
4.016584389593061744e+00 2.170016361042508777e+02
4.016591060707138006e+00 8.979423793224019335e+01
4.016597731821213380e+00 3.773897046323136806e+01
4.016604402935289642e+00 1.640464216730510714e+02
4.016611074049365904e+00 2.878732728263300373e+02
4.016617745163442166e+00 4.078568754034254198e+02
4.016624416277518428e+00 5.227074212172448142e+02
4.016631087391593802e+00 6.311995876587608336e+02
4.016637758505670064e+00 7.321844728009448318e+02
4.016644429619746326e+00 8.246014865290787839e+02
4.016651100733822588e+00 9.074893502412760427e+02
4.016657771847897962e+00 9.799959898907142133e+02
4.016664442961974224e+00 1.041387198963022684e+03
4.016671114076050486e+00 1.091053977213511416e+03
4.016677785190126748e+00 1.128518470741471901e+03
4.016684456304202122e+00 1.153438455355567839e+03
4.016691127418278384e+00 1.165610322205071270e+03
4.016697798532354646e+00 1.164970541034948383e+03
4.016704469646430908e+00 1.151595593348901730e+03
4.016711140760506282e+00 1.125700384310715208e+03
4.016717811874582544e+00 1.087635158711310396e+03
4.016724482988658806e+00 1.037880962509388610e+03
4.016731154102735069e+00 9.770437069575098121e+02
4.016737825216810442e+00 9.058469072555701587e+02
4.016744496330886705e+00 8.251231819357700488e+02
4.016751167444962967e+00 7.358046124112786401e+02
4.016757838559039229e+00 6.389120750888483826e+02
4.016764509673115491e+00 5.355436716806628965e+02
4.016771180787190865e+00 4.268624026664703024e+02
4.016777851901267127e+00 3.140832784373276922e+02
4.016784523015343389e+00 1.984603371817961204e+02
4.016791194129419651e+00 8.127779234546274267e+01
4.016797865243495025e+00 3.625605446647684715e+01
4.016804536357571287e+00 1.526929453943047861e+02
4.016811207471647549e+00 2.668861502819185603e+02
4.016817878585723811e+00 3.775751230841629535e+02
4.016824549699799185e+00 4.835671928053701549e+02
4.016831220813875447e+00 5.837283841281423520e+02
4.016837891927951709e+00 6.769943976456949031e+02
4.016844563042027971e+00 7.623816555191924635e+02
4.016851234156103345e+00 8.389975520222172918e+02
4.016857905270179607e+00 9.060496972532669133e+02
4.016864576384255869e+00 9.628540352151865136e+02
4.016871247498332131e+00 1.008841746941632437e+03
4.016877918612407505e+00 1.043564867163208874e+03
4.016884589726483767e+00 1.066700558956131545e+03
4.016891260840560030e+00 1.078054006128755873e+03
4.016897931954636292e+00 1.077559898594252218e+03
4.016904603068712554e+00 1.065282501349511222e+03
4.016911274182787928e+00 1.041414313280694159e+03
4.016917945296864190e+00 1.006273337223275462e+03
4.016924616410940452e+00 9.602989978222620948e+02
4.016931287525016714e+00 9.040467581848267855e+02
4.016937958639092088e+00 8.381815003106190716e+02
4.016944629753168350e+00 7.634697476024275602e+02
4.016951300867244612e+00 6.807708204195021153e+02
4.016957971981320874e+00 5.910270276165608720e+02
4.016964643095396248e+00 4.952530103278581350e+02
4.016971314209472510e+00 3.945243732797747498e+02
4.016977985323548772e+00 2.899657919899440230e+02
4.016984656437625034e+00 1.827390791479216148e+02
4.016991327551700408e+00 7.403582369570204946e+01
4.016997998665776670e+00 3.503218849660074596e+01
4.017004669779852932e+00 1.431041805918927707e+02
4.017011340893929194e+00 2.491250834413962423e+02
4.017018012008004568e+00 3.519214463906212700e+02
4.017024683122080830e+00 4.503834911225220026e+02
4.017031354236157092e+00 5.434553679013910141e+02
4.017038025350233355e+00 6.301453130668804761e+02
4.017044696464309617e+00 7.095359612588659957e+02
4.017051367578384991e+00 7.807939427722142227e+02
4.017058038692461253e+00 8.431785574527372091e+02
4.017064709806537515e+00 8.960494107520232774e+02
4.017071380920613777e+00 9.388729266878490307e+02
4.017078052034689151e+00 9.712276692980565258e+02
4.017084723148765413e+00 9.928084193419604162e+02
4.017091394262841675e+00 1.003428966982973407e+03
4.017098065376917937e+00 1.003023595864656158e+03
4.017104736490993311e+00 9.916472481755703257e+02
4.017111407605069573e+00 9.694743748994827683e+02
4.017118078719145835e+00 9.367964896981085303e+02
4.017124749833222097e+00 8.940184589235370822e+02
4.017131420947297471e+00 8.416535739007531447e+02
4.017138092061373733e+00 7.803174646999750621e+02
4.017144763175449995e+00 7.107209272833616751e+02
4.017151434289526257e+00 6.336617476350854758e+02
4.017158105403601631e+00 5.500156182403667344e+02
4.017164776517677893e+00 4.607262550154947576e+02
4.017171447631754155e+00 3.667948422550820737e+02
4.017178118745830417e+00 2.692689886378847746e+02
4.017184789859906680e+00 1.692316946345454483e+02
4.017191460973982053e+00 6.779535319849792074e+01
4.017198132088058316e+00 3.401132673868559664e+01
4.017204803202134578e+00 1.349025981881517851e+02
4.017211474316210840e+00 2.339020310519451584e+02
4.017218145430286214e+00 3.299113777989832670e+02
4.017224816544362476e+00 4.218924307856333371e+02
4.017231487658438738e+00 5.088569218557697695e+02
4.017238158772515000e+00 5.898759647226758034e+02
4.017244829886590374e+00 6.640897255834277075e+02
4.017251501000666636e+00 7.307164465141647725e+02
4.017258172114742898e+00 7.890606159657563694e+02
4.017264843228819160e+00 8.385201762369131302e+02
4.017271514342894534e+00 8.785926860652825781e+02
4.017278185456970796e+00 9.088803731367230512e+02
4.017284856571047058e+00 9.290940251569189741e+02
4.017291527685123320e+00 9.390556816489876155e+02
4.017298198799198694e+00 9.387001019352026105e+02
4.017304869913274956e+00 9.280749984419561542e+02
4.017311541027351218e+00 9.073400379207193964e+02
4.017318212141427480e+00 8.767646266314799277e+02
4.017324883255503742e+00 8.367245087660329546e+02
4.017331554369579116e+00 7.876972201627214645e+02
4.017338225483655378e+00 7.302564518308142851e+02
4.017344896597731640e+00 6.650653895569274709e+02
4.017351567711807903e+00 5.928691072695734192e+02
4.017358238825883276e+00 5.144861028773409544e+02
4.017364909939959539e+00 4.307990778453602729e+02
4.017371581054035801e+00 3.427450814879439349e+02
4.017378252168112063e+00 2.513051992338942853e+02
4.017384923282187437e+00 1.574943033764334928e+02
4.017391594396263699e+00 6.235631720222883700e+01
4.017398265510339961e+00 3.315237921577194413e+01
4.017404936624416223e+00 1.278110918725700316e+02
4.017411607738491597e+00 2.207115548514260013e+02
4.017418278852567859e+00 3.108211405174446895e+02
4.017424949966644121e+00 3.971640671813216272e+02
4.017431621080720383e+00 4.788111078479213347e+02
4.017438292194795757e+00 5.548884063582898989e+02
4.017444963308872019e+00 6.245865823819268599e+02
4.017451634422948281e+00 6.871692467584225597e+02
4.017458305537024543e+00 7.419807246001015528e+02
4.017464976651099917e+00 7.884528795157764307e+02
4.017471647765176179e+00 8.261109606256683264e+02
4.017478318879252441e+00 8.545784098038388947e+02
4.017484989993328703e+00 8.735805799029986929e+02
4.017491661107404965e+00 8.829473272368858261e+02
4.017498332221480339e+00 8.826144542549561720e+02
4.017505003335556601e+00 8.726239911583377307e+02
4.017511674449632864e+00 8.531233178861933766e+02
4.017518345563709126e+00 8.243631405584525282e+02
4.017525016677784500e+00 7.866943490044719738e+02
4.017531687791860762e+00 7.405637940006755571e+02
4.017538358905937024e+00 6.865090347349432705e+02
4.017545030020013286e+00 6.251521180775922630e+02
4.017551701134088660e+00 5.571924621204627783e+02
4.017558372248164922e+00 4.833989270949105048e+02
4.017565043362241184e+00 4.046011691059901523e+02
4.017571714476317446e+00 3.216803918872701047e+02
4.017578385590392820e+00 2.355596732354357812e+02
4.017585056704469082e+00 1.471944039980210732e+02
4.017591727818545344e+00 5.756874220678236753e+01
4.017598398932621606e+00 3.242453859680794892e+01
4.017605070046696980e+00 1.216216720943872218e+02
4.017611741160773242e+00 2.091740130359806358e+02
4.017618412274849504e+00 2.941067173793817346e+02
4.017625083388925766e+00 3.754989391784171175e+02
4.017631754503002028e+00 4.524734801890119229e+02
4.017638425617077402e+00 5.242050541872371241e+02
4.017645096731153664e+00 5.899288897285842950e+02
4.017651767845229926e+00 6.489487929206991339e+02
4.017658438959306189e+00 7.006444703709305486e+02
4.017665110073381562e+00 7.444780090942433617e+02
4.017671781187457825e+00 7.799994380984768441e+02
4.017678452301534087e+00 8.068513116826809437e+02
4.017685123415610349e+00 8.247722670718676454e+02
4.017691794529685723e+00 8.335995208280169209e+02
4.017698465643761985e+00 8.332702805312048895e+02
4.017705136757838247e+00 8.238220602346079886e+02
4.017711807871914509e+00 8.053919002382918961e+02
4.017718478985989883e+00 7.782145037166113752e+02
4.017725150100066145e+00 7.426193144886558457e+02
4.017731821214142407e+00 6.990265718514614264e+02
4.017738492328218669e+00 6.479423893168932409e+02
4.017745163442294043e+00 5.899529150250904195e+02
4.017751834556370305e+00 5.257176416283873550e+02
4.017758505670446567e+00 4.559619440863038449e+02
4.017765176784522829e+00 3.814689354542531419e+02
4.017771847898599091e+00 3.030707512534961552e+02
4.017778519012674465e+00 2.216394371188663399e+02
4.017785190126750727e+00 1.380779981646944350e+02
4.017791861240826989e+00 5.331798893517333227e+01
4.017798532354903251e+00 3.180425604403810524e+01
4.017805203468978625e+00 1.161751839948913982e+02
4.017811874583054887e+00 1.989987179451323698e+02
4.017818545697131150e+00 2.793513070829889102e+02
4.017825216811207412e+00 3.563608298825556631e+02
4.017831887925282786e+00 4.291962896244137369e+02
4.017838559039359048e+00 4.970755894066583664e+02
4.017845230153435310e+00 5.592736861469574023e+02
4.017851901267511572e+00 6.151302477785054634e+02
4.017858572381586946e+00 6.640566163537005195e+02
4.017865243495663208e+00 7.055419770557007269e+02
4.017871914609739470e+00 7.391586606392701242e+02
4.017878585723815732e+00 7.645665217872921176e+02
4.017885256837891106e+00 7.815163476637993654e+02
4.017891927951967368e+00 7.898522623254353903e+02
4.017898599066043630e+00 7.895131040500683639e+02
4.017905270180119892e+00 7.805327639854760946e+02
4.017911941294196154e+00 7.630394859684506628e+02
4.017918612408271528e+00 7.372541387513000473e+02
4.017925283522347790e+00 7.034874830276506827e+02
4.017931954636424052e+00 6.621364667140761640e+02
4.017938625750500314e+00 6.136795923420149848e+02
4.017945296864575688e+00 5.586714108463894490e+02
4.017951967978651950e+00 4.977362056352795889e+02
4.017958639092728212e+00 4.315609411014766010e+02
4.017965310206804475e+00 3.608875612104579318e+02
4.017971981320879848e+00 2.865047446366887698e+02
4.017978652434956111e+00 2.092392898562734729e+02
4.017985323549032373e+00 1.299477104343933433e+02
4.017991994663108635e+00 4.951492256153424876e+01
4.017998665777184009e+00 3.127322486067548724e+01
4.018005336891260271e+00 1.113477712564451991e+02
4.018012008005336533e+00 1.899593254529992237e+02
4.018018679119412795e+00 2.662301926851338862e+02
4.018025350233488169e+00 3.393317686302808625e+02
4.018032021347564431e+00 4.084743638701854138e+02
4.018038692461640693e+00 4.729145425745466014e+02
4.018045363575716955e+00 5.319628734872425184e+02
4.018052034689793217e+00 5.849912214927604737e+02
4.018058705803868591e+00 6.314393854837826439e+02
4.018065376917944853e+00 6.708209853667619882e+02
4.018072048032021115e+00 7.027285283676178551e+02
4.018078719146097377e+00 7.268375992797548406e+02
4.018085390260172751e+00 7.429101306177225297e+02
4.018092061374249013e+00 7.507967194674655502e+02
4.018098732488325275e+00 7.504379686411162993e+02
4.018105403602401537e+00 7.418648405965031998e+02
4.018112074716476911e+00 7.251980233897852486e+02
4.018118745830553173e+00 7.006463188146561833e+02
4.018125416944629436e+00 6.685040735689495932e+02
4.018132088058705698e+00 6.291476846344804699e+02
4.018138759172781072e+00 5.830312203174649994e+02
4.018145430286857334e+00 5.306812079450561441e+02
4.018152101400933596e+00 4.726906489685478050e+02
4.018158772515009858e+00 4.097123315079520580e+02
4.018165443629085232e+00 3.424515223805851747e+02
4.018172114743161494e+00 2.716581412756095801e+02
4.018178785857237756e+00 1.981185900657446268e+02
4.018185456971314018e+00 1.226478399118972504e+02
4.018192128085390280e+00 4.608919166583451243e+01
4.018198799199465654e+00 3.081700085434268743e+01
4.018205470313541916e+00 1.070416058966699921e+02
4.018212141427618178e+00 1.818769665681389824e+02
4.018218812541694440e+00 2.544866429243523385e+02
4.018225483655769814e+00 3.240811396934979598e+02
4.018232154769846076e+00 3.899079247281404719e+02
4.018238825883922338e+00 4.512583769732514156e+02
4.018245496997998600e+00 5.074751733545714387e+02
4.018252168112073974e+00 5.579592492044544088e+02
4.018258839226150236e+00 6.021761408004902023e+02
4.018265510340226498e+00 6.396616154141023571e+02
4.018272181454302761e+00 6.700265216535257196e+02
4.018278852568378134e+00 6.929608066181273216e+02
4.018285523682454397e+00 7.082366574320909649e+02
4.018292194796530659e+00 7.157107350234990690e+02
4.018298865910606921e+00 7.153254783711977325e+02
4.018305537024682295e+00 7.071094677138893303e+02
4.018312208138758557e+00 6.911768455849978636e+02
4.018318879252834819e+00 6.677258049440775949e+02
4.018325550366911081e+00 6.370361637899050038e+02
4.018332221480987343e+00 5.994660556521671424e+02
4.018338892595062717e+00 5.554477750824518125e+02
4.018345563709138979e+00 5.054828264677715879e+02
4.018352234823215241e+00 4.501362338319896708e+02
4.018358905937291503e+00 3.900301784229277473e+02
4.018365577051366877e+00 3.258370424939002419e+02
4.018372248165443139e+00 2.582719590172681592e+02
4.018378919279519401e+00 1.880850400435559209e+02
4.018385590393595663e+00 1.160539100955368355e+02
4.018392261507671037e+00 4.298452624376022158e+01
4.018398932621747299e+00 3.042403642596788060e+01
4.018405603735823561e+00 1.031783936508521720e+02
4.018412274849899823e+00 1.746084213507346590e+02
4.018418945963975197e+00 2.439150050918186139e+02
4.018425617078051459e+00 3.103439942676953365e+02
4.018432288192127722e+00 3.731764648212658813e+02
4.018438959306203984e+00 4.317353159289957603e+02
4.018445630420279358e+00 4.853923263513298139e+02
4.018452301534355620e+00 5.335748136603197054e+02
4.018458972648431882e+00 5.757717072546781765e+02
4.018465643762508144e+00 6.115389435359807067e+02
4.018472314876584406e+00 6.405041179249985817e+02
4.018478985990659780e+00 6.623703423168369682e+02
4.018485657104736042e+00 6.769192669075130198e+02
4.018492328218812304e+00 6.840132353644928571e+02
4.018498999332888566e+00 6.835965520772317632e+02
4.018505670446963940e+00 6.756958501411928637e+02
4.018512341561040202e+00 6.604195586157095477e+02
4.018519012675116464e+00 6.379564775405261798e+02
4.018525683789192726e+00 6.085734788937024859e+02
4.018532354903268100e+00 5.726123612699343539e+02
4.018539026017344362e+00 5.304858953268271762e+02
4.018545697131420624e+00 4.826731060738545693e+02
4.018552368245496886e+00 4.297138467200443301e+02
4.018559039359572260e+00 3.722027281395364753e+02
4.018565710473648522e+00 3.107824790718513555e+02
4.018572381587724784e+00 2.461368343541177808e+02
4.018579052701801047e+00 1.789831238021535569e+02
4.018585723815876420e+00 1.100652131410968337e+02
4.018592394929952683e+00 4.015538089634105035e+01
4.018599066044028945e+00 3.008499072595616752e+01
4.018605737158105207e+00 9.969473153149237987e+01
4.018612408272181469e+00 1.680376600451085949e+02
4.018619079386256843e+00 2.343486043719746874e+02
4.018625750500333105e+00 2.979055183742964914e+02
4.018632421614409367e+00 3.580200273257683534e+02
4.018639092728485629e+00 4.140437072234802827e+02
4.018645763842561003e+00 4.653748400063034296e+02
4.018652434956637265e+00 5.114647974371927148e+02
4.018659106070713527e+00 5.518238674060053199e+02
4.018665777184789789e+00 5.860264333875479679e+02
4.018672448298865163e+00 6.137154438356766377e+02
4.018679119412941425e+00 6.346061218686152188e+02
4.018685790527017687e+00 6.484888755218485130e+02
4.018692461641093949e+00 6.552313785643485744e+02
4.018699132755169323e+00 6.547798011586987741e+02
4.018705803869245585e+00 6.471591791803940623e+02
4.018712474983321847e+00 6.324729204984670332e+02
4.018719146097398109e+00 6.109014560306469548e+02
4.018725817211473483e+00 5.827000527024098346e+02
4.018732488325549745e+00 5.481958146548362265e+02
4.018739159439626007e+00 5.077839079882281226e+02
4.018745830553702270e+00 4.619230528543606624e+02
4.018752501667778532e+00 4.111303353530707909e+02
4.018759172781853906e+00 3.559754004783231380e+02
4.018765843895930168e+00 2.970740985483235477e+02
4.018772515010006430e+00 2.350816800007200698e+02
4.018779186124082692e+00 1.706857119246190280e+02
4.018785857238158066e+00 1.045993931708068203e+02
4.018792528352234328e+00 3.756449477822604166e+01
4.018799199466310590e+00 2.979222789613496758e+01
4.018805870580386852e+00 9.653872926912467278e+01
4.018812541694462226e+00 1.620696836618446639e+02
4.018819212808538488e+00 2.256509274790988968e+02
4.018825883922614750e+00 2.865897101358349346e+02
4.018832555036691012e+00 3.442255514925304283e+02
4.018839226150766386e+00 3.979362334589071111e+02
4.018845897264842648e+00 4.471442797285733946e+02
4.018852568378918910e+00 4.913230869796406068e+02
4.018859239492995172e+00 5.300025245013475796e+02
4.018865910607070546e+00 5.627739148385051067e+02
4.018872581721146808e+00 5.892943345195732263e+02
4.018879252835223070e+00 6.092901865850751619e+02
4.018885923949299332e+00 6.225600067231077901e+02
4.018892595063375595e+00 6.289764737521240932e+02
4.018899266177450968e+00 6.284876043982264946e+02
4.018905937291527231e+00 6.211171213179177357e+02
4.018912608405603493e+00 6.069639925102413827e+02
4.018919279519679755e+00 5.862011493326751861e+02
4.018925950633755129e+00 5.590733993488719307e+02
4.018932621747831391e+00 5.258945590653584077e+02
4.018939292861907653e+00 4.870438402289015016e+02
4.018945963975983915e+00 4.429615315841567167e+02
4.018952635090059289e+00 3.941440263752865008e+02
4.018959306204135551e+00 3.411382543191213585e+02
4.018965977318211813e+00 2.845355882452801097e+02
4.018972648432288075e+00 2.249653178851441737e+02
4.018979319546363449e+00 1.630878654772947414e+02
4.018985990660439711e+00 9.958844638865753041e+01
4.018992661774515973e+00 3.518108875830465365e+01
4.018999332888592235e+00 2.953944621162629502e+01
4.019006004002667609e+00 9.366751064827447237e+01
4.019012675116743871e+00 1.566259663493086975e+02
4.019019346230820133e+00 2.177090957901430954e+02
4.019026017344896395e+00 2.762509930551212278e+02
4.019032688458972657e+00 3.316167537481807699e+02
4.019039359573048031e+00 3.832082049690746430e+02
4.019046030687124293e+00 4.304701320529824784e+02
4.019052701801200556e+00 4.728961772026157178e+02
4.019059372915276818e+00 5.100342299376620190e+02
4.019066044029352192e+00 5.414912240613837184e+02
4.019072715143428454e+00 5.669372820210332975e+02
4.019079386257504716e+00 5.861091599374876751e+02
4.019086057371580978e+00 5.988129562968981645e+02
4.019092728485656352e+00 6.049260559369965904e+02
4.019099399599732614e+00 6.043982898356839542e+02
4.019106070713808876e+00 5.972522998265114893e+02
4.019112741827885138e+00 5.835831062646363989e+02
4.019119412941960512e+00 5.635568853598612122e+02
4.019126084056036774e+00 5.374089715778892469e+02
4.019132755170113036e+00 5.054411090581377834e+02
4.019139426284189298e+00 4.680179842126878498e+02
4.019146097398264672e+00 4.255630797342161031e+02
4.019152768512340934e+00 3.785538982371325574e+02
4.019159439626417196e+00 3.275166122233601982e+02
4.019166110740493458e+00 2.730202080809293648e+02
4.019172781854569720e+00 2.156702150563085070e+02
4.019179452968645094e+00 1.561021949901208075e+02
4.019186124082721356e+00 9.497572364832939229e+01
4.019192795196797618e+00 3.297951387986915250e+01
4.019199466310873881e+00 2.932139995036489211e+01
4.019206137424949254e+00 9.104533846869837532e+01
4.019212808539025517e+00 1.516410336552018236e+02
4.019219479653101779e+00 2.104289629889940443e+02
4.019226150767178041e+00 2.667679139200924965e+02
4.019232821881253415e+00 3.200465204502386314e+02
4.019239492995329677e+00 3.696887545498994427e+02
4.019246164109405939e+00 4.151599196457821677e+02
4.019252835223482201e+00 4.559723345305086468e+02
4.019259506337557575e+00 4.916905302010036394e+02
4.019266177451633837e+00 5.219358765702777418e+02
4.019272848565710099e+00 5.463905814805968930e+02
4.019279519679786361e+00 5.648010169054491598e+02
4.019286190793861735e+00 5.769803362805561164e+02
4.019292861907937997e+00 5.828103556081640590e+02
4.019299533022014259e+00 5.822426792340698967e+02
4.019306204136090521e+00 5.752990597433077937e+02
4.019312875250166783e+00 5.620709898144082217e+02
4.019319546364242157e+00 5.427185323608357521e+02
4.019326217478318419e+00 5.174684036387637889e+02
4.019332888592394681e+00 4.866113322304355506e+02
4.019339559706470943e+00 4.504987247426216754e+02
4.019346230820546317e+00 4.095386769155823572e+02
4.019352901934622579e+00 3.641913765252216422e+02
4.019359573048698842e+00 3.149639528013724430e+02
4.019366244162775104e+00 2.624048380122200683e+02
4.019372915276850478e+00 2.070977306880043614e+02
4.019379586390926740e+00 1.496553375864437498e+02
4.019386257505003002e+00 9.071365423236433401e+01
4.019392928619079264e+00 3.093822456277037602e+01
4.019399599733154638e+00 2.913368800259923574e+01
4.019406270847230900e+00 8.864218883177829866e+01
4.019412941961307162e+00 1.470598597333160740e+02
4.019419613075383424e+00 2.037313843416071961e+02
4.019426284189458798e+00 2.580383447987088630e+02
4.019432955303535060e+00 3.093911139171339642e+02
4.019439626417611322e+00 3.572341282776505409e+02
4.019446297531687584e+00 4.010516662369207097e+02
4.019452968645763846e+00 4.403733327945183191e+02
4.019459639759839220e+00 4.747790767593027113e+02
4.019466310873915482e+00 5.039036591786581880e+02
4.019472981987991744e+00 5.274405169551521340e+02
4.019479653102068006e+00 5.451449779537223321e+02
4.019486324216143380e+00 5.568367925975803701e+02
4.019492995330219642e+00 5.624019553982526531e+02
4.019499666444295904e+00 5.617937978287350234e+02
4.019506337558372167e+00 5.550333422003583337e+02
4.019513008672447540e+00 5.422089143190196410e+02
4.019519679786523803e+00 5.234750208661878332e+02
4.019526350900600065e+00 4.990505055627512547e+02
4.019533022014676327e+00 4.692160060576794081e+02
4.019539693128751701e+00 4.343107412241946008e+02
4.019546364242827963e+00 3.947286661089661379e+02
4.019553035356904225e+00 3.509140393172908148e+02
4.019559706470980487e+00 3.033564556155787386e+02
4.019566377585055861e+00 2.525854077328202152e+02
4.019573048699132123e+00 1.991644652818379200e+02
4.019579719813208385e+00 1.436852499488977344e+02
4.019586390927284647e+00 8.676199608045253342e+01
4.019593062041360909e+00 2.903898904315553864e+01
4.019599733155436283e+00 2.897259132719185359e+01
4.019606404269512545e+00 8.643265397208237744e+01
4.019613075383588807e+00 1.428358634833706446e+02
4.019619746497665069e+00 1.975493434035983000e+02
4.019626417611740443e+00 2.499757864321939280e+02
4.019633088725816705e+00 2.995457066446955992e+02
4.019639759839892967e+00 3.457225124087747758e+02
4.019646430953969229e+00 3.880080845836267258e+02
4.019653102068044603e+00 4.259480764316930390e+02
4.019659773182120865e+00 4.591367636321836017e+02
4.019666444296197128e+00 4.872213650643176379e+02
4.019673115410273390e+00 5.099057800406645242e+02
4.019679786524348764e+00 5.269536993252841057e+02
4.019686457638425026e+00 5.381910561123294201e+02
4.019693128752501288e+00 5.435077910678252238e+02
4.019699799866577550e+00 5.428589134300857495e+02
4.019706470980652924e+00 5.362648479683856522e+02
4.019713142094729186e+00 5.238110655649664977e+02
4.019719813208805448e+00 5.056470030642335587e+02
4.019726484322881710e+00 4.819842858067419229e+02
4.019733155436957972e+00 4.530942740139863076e+02
4.019739826551033346e+00 4.193049615794933516e+02
4.019746497665109608e+00 3.809972632216113198e+02
4.019753168779185870e+00 3.386007332588745271e+02
4.019759839893262132e+00 2.925887671380414758e+02
4.019766511007337506e+00 2.434733480113924031e+02
4.019773182121413768e+00 1.917994250925009396e+02
4.019779853235490030e+00 1.381391049641793529e+02
4.019786524349566292e+00 8.308647575578366684e+01
4.019793195463641666e+00 2.726627549255799110e+01
4.019799866577717928e+00 2.883494643845666516e+01
4.019806537691794190e+00 8.439508851506465703e+01
4.019813208805870453e+00 1.389293488154312683e+02
4.019819879919945826e+00 1.918257147780825278e+02
4.019826551034022089e+00 2.425064888315730798e+02
4.019833222148098351e+00 2.904209016968278547e+02
4.019839893262174613e+00 3.350500011672439769e+02
4.019846564376249987e+00 3.759120446249971792e+02
4.019853235490326249e+00 4.125676266313776637e+02
4.019859906604402511e+00 4.446243729074000726e+02
4.019866577718478773e+00 4.717411232436247133e+02
4.019873248832555035e+00 4.936315503379981919e+02
4.019879919946630409e+00 5.100671731375714444e+02
4.019886591060706671e+00 5.208797318630058726e+02
4.019893262174782933e+00 5.259628994729305305e+02
4.019899933288859195e+00 5.252733120812556535e+02
4.019906604402934569e+00 5.188309083375725095e+02
4.019913275517010831e+00 5.067185755093702255e+02
4.019919946631087093e+00 4.890811076200093908e+02
4.019926617745163355e+00 4.661234885671784696e+02
4.019933288859238729e+00 4.381085205736053467e+02
4.019939959973314991e+00 4.053538255659617562e+02
4.019946631087391253e+00 3.682282542635119285e+02
4.019953302201467515e+00 3.271477447641817093e+02
4.019959973315542889e+00 2.825706803076192273e+02
4.019966644429619151e+00 2.349928069457523634e+02
4.019973315543695414e+00 1.849417968643742540e+02
4.019979986657771676e+00 1.329716406452959632e+02
4.019986657771847050e+00 7.965772048328069843e+01
4.019993328885923312e+00 2.560676981666347984e+01
4.019999999999999574e+00 2.871804609533944586e+01
